%YAML:1.0
# DICTIONARY
dictionary: !!opencv-matrix
   rows: 15
   cols: 128
   dt: f
   data: [ 1.89882488e+01, 1.29343977e+01, 1.02518854e+01,
       1.20199966e+01, 1.41248903e+01, 7.82634640e+00, 5.99684286e+00,
       8.68268776e+00, 1.07517281e+02, 3.30161362e+01, 8.00736713e+00,
       5.87703943e+00, 6.83774805e+00, 4.70075417e+00, 4.84336090e+00,
       2.38947563e+01, 1.51382385e+02, 3.43450279e+01, 2.38747597e+00,
       1.47535527e+00, 2.97614455e+00, 2.43080163e+00, 3.18751097e+00,
       3.96653214e+01, 4.53081932e+01, 1.01169968e+01, 3.19294858e+00,
       5.19558001e+00, 1.24304514e+01, 9.16944408e+00, 6.60392904e+00,
       1.57738991e+01, 2.48719521e+01, 1.25816526e+01, 9.76811123e+00,
       1.21075249e+01, 1.62241707e+01, 1.03673038e+01, 8.34362411e+00,
       1.19961414e+01, 1.25233292e+02, 3.42473259e+01, 9.79249287e+00,
       8.47097015e+00, 9.96123505e+00, 6.76407671e+00, 5.68391514e+00,
       2.42478523e+01, 1.60778641e+02, 4.45576210e+01, 2.89405370e+00,
       2.01561141e+00, 3.29433441e+00, 2.24855280e+00, 2.33099461e+00,
       2.94800911e+01, 5.89319420e+01, 1.26902304e+01, 4.37800407e+00,
       7.92510080e+00, 1.60961246e+01, 9.69514179e+00, 5.54446602e+00,
       1.35974388e+01, 2.47503948e+01, 1.20784073e+01, 8.88142490e+00,
       1.06681290e+01, 1.65348186e+01, 1.17807407e+01, 9.15979671e+00,
       1.22706547e+01, 1.25965271e+02, 2.50798111e+01, 6.26223469e+00,
       7.29819345e+00, 1.01476936e+01, 7.87054920e+00, 8.74337864e+00,
       3.32450447e+01, 1.60897736e+02, 3.11469917e+01, 2.60164881e+00,
       2.31029654e+00, 3.17944217e+00, 1.88756359e+00, 2.64251900e+00,
       4.41099815e+01, 5.87188225e+01, 1.43885288e+01, 6.15576220e+00,
       1.01022625e+01, 1.64013329e+01, 7.72408342e+00, 4.16733932e+00,
       1.25430632e+01, 1.87577629e+01, 8.61199760e+00, 6.34011602e+00,
       8.01911926e+00, 1.41136646e+01, 1.20319242e+01, 9.86353302e+00,
       1.16711102e+01, 1.08291878e+02, 2.42790737e+01, 5.02631140e+00,
       4.62603045e+00, 6.81161213e+00, 5.68707275e+00, 7.58919477e+00,
       3.28402023e+01, 1.51216110e+02, 4.04753571e+01, 3.80722690e+00,
       2.60901594e+00, 2.73811626e+00, 1.38642347e+00, 2.31696200e+00,
       3.45432396e+01, 4.49517632e+01, 1.67863541e+01, 7.24557114e+00,
       9.64409733e+00, 1.27447815e+01, 5.09980726e+00, 3.27924919e+00,
       1.00798111e+01, 2.67319946e+01, 2.54062901e+01, 2.14325428e+01,
       1.95133190e+01, 1.95321674e+01, 1.87820950e+01, 1.91803055e+01,
       2.11078949e+01, 3.16501598e+01, 2.48665257e+01, 1.99394169e+01,
       2.06725655e+01, 2.71718445e+01, 3.10545254e+01, 3.41063576e+01,
       3.34347534e+01, 2.62774315e+01, 2.17012215e+01, 1.99281673e+01,
       2.05875568e+01, 2.86165981e+01, 3.83808060e+01, 3.83707085e+01,
       3.01371288e+01, 2.47744026e+01, 2.13699398e+01, 1.80463505e+01,
       1.61977119e+01, 2.03641701e+01, 2.52044430e+01, 2.69558620e+01,
       2.50749111e+01, 3.94141731e+01, 3.13924427e+01, 3.04240799e+01,
       3.00485630e+01, 2.84614868e+01, 2.31463604e+01, 1.69807682e+01,
       1.96974716e+01, 1.09734787e+02, 3.59925957e+01, 1.50923166e+01,
       1.17504568e+01, 1.48895092e+01, 2.93124352e+01, 4.95281296e+01,
       7.53454208e+01, 2.50832767e+01, 1.08060389e+01, 9.93297482e+00,
       1.86251564e+01, 5.91738625e+01, 9.31170349e+01, 7.31258774e+01,
       3.94797592e+01, 2.60391388e+01, 2.14184055e+01, 1.90076942e+01,
       1.93551311e+01, 3.17399750e+01, 4.17157440e+01, 3.75599594e+01,
       2.98982601e+01, 4.28320999e+01, 1.94543705e+01, 1.51550150e+01,
       1.97989235e+01, 2.91941528e+01, 3.42369461e+01, 3.09636517e+01,
       3.13900375e+01, 1.16325035e+02, 6.59679794e+01, 2.86334267e+01,
       1.67170887e+01, 1.42936821e+01, 1.49788446e+01, 1.74458122e+01,
       4.52891617e+01, 3.64572563e+01, 3.64966812e+01, 4.26640053e+01,
       5.35107231e+01, 6.63232040e+01, 5.09824982e+01, 2.17660351e+01,
       1.55531301e+01, 2.25754395e+01, 2.07989235e+01, 2.17543030e+01,
       2.72707958e+01, 4.02704124e+01, 4.33066635e+01, 3.22679100e+01,
       2.29013367e+01, 3.17543030e+01, 2.29066257e+01, 1.70354843e+01,
       1.56125593e+01, 1.98346004e+01, 2.20215416e+01, 2.20035591e+01,
       2.65107231e+01, 5.65138969e+01, 4.38990288e+01, 2.74217720e+01,
       2.09061451e+01, 2.08839321e+01, 1.89524956e+01, 1.86253490e+01,
       3.16341000e+01, 3.67558441e+01, 4.00548134e+01, 3.61692467e+01,
       3.25328407e+01, 3.09689388e+01, 2.38901825e+01, 1.67631512e+01,
       1.93750362e+01, 1.98096943e+01, 2.25277443e+01, 2.59674015e+01,
       2.81612663e+01, 3.16984329e+01, 2.69576893e+01, 1.77294941e+01,
       1.53854218e+01, 1.68804874e+01, 1.72512188e+01, 2.11173306e+01,
       2.67093716e+01, 2.98595638e+01, 2.39373550e+01, 1.60768929e+01,
       1.45243902e+01, 4.85087280e+01, 3.82338905e+01, 2.61260586e+01,
       2.26121960e+01, 2.25528889e+01, 1.75485229e+01, 1.50353022e+01,
       2.40432606e+01, 8.18266983e+01, 4.12598190e+01, 1.44955072e+01,
       9.53953838e+00, 1.13198977e+01, 1.35966625e+01, 2.01261883e+01,
       4.80114250e+01, 2.88836975e+01, 1.54410782e+01, 1.08789473e+01,
       1.44870348e+01, 2.58786907e+01, 2.67835693e+01, 2.56612320e+01,
       2.92021828e+01, 2.14322205e+01, 1.56691914e+01, 1.42754812e+01,
       1.96169453e+01, 3.18926830e+01, 4.18088570e+01, 3.67123222e+01,
       2.62146339e+01, 5.60372276e+01, 3.10880623e+01, 2.02469826e+01,
       2.44347878e+01, 4.27777939e+01, 5.11856232e+01, 3.18745823e+01,
       2.46775360e+01, 1.23352379e+02, 5.45508347e+01, 1.12423620e+01,
       8.27650833e+00, 1.07774067e+01, 1.17734280e+01, 1.52424908e+01,
       5.21786919e+01, 3.78910141e+01, 1.57947369e+01, 1.42249041e+01,
       2.78840828e+01, 4.13251610e+01, 3.44988441e+01, 2.41394100e+01,
       2.46722717e+01, 2.91350460e+01, 1.80481396e+01, 1.23469830e+01,
       1.24030809e+01, 2.07973042e+01, 3.78816452e+01, 4.77677803e+01,
       4.17035942e+01, 2.89155331e+01, 9.55609798e+00, 6.46623898e+00,
       8.68562222e+00, 3.00349159e+01, 7.61854935e+01, 9.11005173e+01,
       5.97522469e+01, 1.06419769e+02, 2.63680363e+01, 1.31336327e+01,
       1.39204111e+01, 1.39337616e+01, 2.34667530e+01, 5.33924255e+01,
       8.52840805e+01, 3.05184860e+01, 2.28736839e+01, 2.80306797e+01,
       3.92043648e+01, 3.83439026e+01, 2.36205387e+01, 1.43250322e+01,
       1.67767658e+01, 2.84797173e+01, 2.17210522e+01, 1.62613602e+01,
       1.22793322e+01, 1.36896019e+01, 2.09433899e+01, 3.06929398e+01,
       3.36396675e+01, 3.03584080e+01, 2.57636719e+01, 2.17571239e+01,
       1.75222073e+01, 1.72241344e+01, 2.74353027e+01, 4.06609764e+01,
       3.94980736e+01, 2.48984604e+01, 2.25743256e+01, 2.43408222e+01,
       2.69667530e+01, 2.69152756e+01, 2.58885746e+01, 3.10137367e+01,
       3.13839531e+01, 1.79711170e+01, 1.87180996e+01, 2.22643127e+01,
       2.65246468e+01, 2.69213104e+01, 2.04969196e+01, 1.75399227e+01,
       1.69568672e+01, 2.25816498e+01, 2.01720123e+01, 1.76261387e+01,
       1.73045540e+01, 2.21375580e+01, 2.61819134e+01, 2.70405273e+01,
       2.25098343e+01, 2.84330025e+01, 2.58027725e+01, 2.08479214e+01,
       1.97292404e+01, 2.65474586e+01, 3.63160400e+01, 3.49384804e+01,
       2.77425747e+01, 2.40983486e+01, 1.92059402e+01, 1.63071938e+01,
       1.71069298e+01, 3.00571613e+01, 4.67244873e+01, 4.78764343e+01,
       3.36439590e+01, 1.77143230e+01, 1.77083836e+01, 1.53831024e+01,
       1.39733334e+01, 2.30835648e+01, 4.28843575e+01, 4.22817154e+01,
       2.27618484e+01, 2.99346523e+01, 2.75408573e+01, 2.11588116e+01,
       2.00027714e+01, 2.72281189e+01, 3.13007259e+01, 3.12646866e+01,
       2.86925411e+01, 3.53066673e+01, 3.65449486e+01, 4.17012520e+01,
       4.70320778e+01, 5.51869316e+01, 4.12081833e+01, 2.06035633e+01,
       1.64051476e+01, 1.07642113e+02, 4.89358406e+01, 2.29984150e+01,
       1.49697685e+01, 1.87404613e+01, 3.14282513e+01, 3.88681183e+01,
       5.46374893e+01, 2.19015179e+01, 9.68303585e+00, 8.67379570e+00,
