%YAML:1.0
# BOW
Bow_descriptor: !!opencv-matrix
   rows: 1
   cols: 100
   dt: f
   data: [ 1.35908443e-02, 4.50643785e-02, 7.86838401e-03,
       5.00715338e-03, 1.00143068e-02, 1.00143068e-02, 0.,
       1.78826898e-02, 1.43061520e-03, 7.15307600e-04, 2.07439195e-02,
       7.86838401e-03, 2.14592274e-03, 1.14449216e-02, 1.43061520e-03,
       1.07296137e-02, 4.29184549e-03, 4.29184549e-03, 7.15307600e-04,
       1.50214592e-02, 5.00715338e-03, 1.43061522e-02, 9.29899886e-03,
       2.36051511e-02, 1.35908443e-02, 0., 4.29184549e-03,
       2.86123040e-03, 7.86838401e-03, 7.15307600e-04, 7.86838401e-03,
       2.71816887e-02, 2.14592274e-03, 5.72246080e-03, 1.28755365e-02,
       7.15307612e-03, 1.07296137e-02, 6.43776823e-03, 1.00143068e-02,
       1.14449216e-02, 1.14449216e-02, 9.29899886e-03, 4.29184549e-03,
       1.93133056e-02, 9.29899886e-03, 1.43061522e-02, 2.86123040e-03,
       4.72103022e-02, 4.29184549e-03, 2.86123040e-03, 7.86838401e-03,
       7.15307600e-04, 1.43061520e-03, 8.58369097e-03, 5.72246080e-03,
       1.43061520e-03, 7.86838401e-03, 9.29899886e-03, 2.14592274e-03,
       2.21745353e-02, 2.86123040e-03, 4.29184549e-03, 8.58369097e-03,
       1.64520741e-02, 0., 2.86123040e-03, 5.72246080e-03,
       2.78969966e-02, 1.43061520e-03, 2.50357669e-02, 1.21602295e-02,
       1.43061520e-03, 0., 7.86838401e-03, 2.14592274e-02,
       2.00286135e-02, 2.14592274e-03, 1.78826898e-02, 7.15307612e-03,
       1.50214592e-02, 1.21602295e-02, 2.14592274e-02, 6.43776823e-03,
       1.00143068e-02, 1.78826898e-02, 1.50214592e-02, 1.43061522e-02,
       2.93276124e-02, 8.58369097e-03, 2.86123040e-03, 1.07296137e-02,
       1.28755365e-02, 1.43061520e-03, 1.71673819e-02, 1.43061520e-03,
       1.57367680e-02, 7.86838401e-03, 1.00143068e-02, 1.35908443e-02,
       5.00715338e-03 ]
