%YAML:1.0
# BOW
Bow_descriptor: !!opencv-matrix
   rows: 1
   cols: 100
   dt: f
   data: [ 9.19842254e-03, 0., 1.44546647e-02, 1.83968451e-02,
       1.18265441e-02, 3.94218136e-03, 1.44546647e-02, 5.25624165e-03,
       4.20499332e-02, 1.05124833e-02, 1.18265441e-02, 1.44546647e-02,
       1.31406039e-02, 3.94218136e-03, 1.57687254e-02, 7.88436271e-03,
       2.62812083e-03, 3.94218136e-03, 6.57030195e-03, 1.44546647e-02,
       1.05124833e-02, 1.31406039e-02, 2.62812078e-02, 0.,
       7.88436271e-03, 5.25624165e-03, 6.57030195e-03, 3.94218136e-03,
       1.57687254e-02, 1.57687254e-02, 1.44546647e-02, 1.31406041e-03,
       1.05124833e-02, 3.94218136e-03, 1.05124833e-02, 3.94218136e-03,
       1.18265441e-02, 5.25624165e-03, 1.05124833e-02, 2.62812083e-03,
       1.44546647e-02, 1.97109058e-02, 9.19842254e-03, 9.19842254e-03,
       1.83968451e-02, 3.94218136e-03, 5.25624165e-03, 0.,
       7.88436271e-03, 1.05124833e-02, 3.94218136e-03, 6.57030195e-03,
       9.19842254e-03, 1.57687254e-02, 1.31406039e-02, 2.49671470e-02,
       1.05124833e-02, 5.25624165e-03, 1.31406039e-02, 9.19842254e-03,
       1.18265441e-02, 2.23390274e-02, 2.23390274e-02, 5.25624165e-03,
       1.31406041e-03, 1.44546647e-02, 1.18265441e-02, 6.57030195e-03,
       9.19842254e-03, 0., 3.94218136e-03, 3.28515097e-02,
       9.19842254e-03, 1.05124833e-02, 0., 1.18265441e-02,
       3.94218136e-03, 5.25624165e-03, 6.57030195e-03, 5.25624165e-03,
       2.10249666e-02, 6.57030195e-03, 9.19842254e-03, 1.18265441e-02,
       1.31406041e-03, 0., 9.19842254e-03, 1.05124833e-02,
       9.19842254e-03, 7.88436271e-03, 3.94218136e-03, 2.23390274e-02,
       1.31406041e-03, 9.19842254e-03, 1.31406041e-03, 1.18265441e-02,
       1.05124833e-02, 7.88436271e-03, 1.18265441e-02, 2.36530881e-02 ]
