%YAML:1.0
# BOW
Bow_descriptor: !!opencv-matrix
   rows: 1
   cols: 100
   dt: f
   data: [ 7.96812773e-03, 3.98406386e-03, 0., 0., 3.98406386e-03,
       1.19521916e-02, 1.99203193e-02, 7.96812773e-03, 1.59362555e-02,
       7.96812773e-03, 1.99203193e-02, 0., 1.19521916e-02,
       1.19521916e-02, 1.59362555e-02, 1.59362555e-02, 0.,
       7.96812773e-03, 3.58565748e-02, 3.98406386e-03, 3.98406386e-03,
       0., 3.98406386e-03, 0., 1.19521916e-02, 1.99203193e-02,
       4.38247025e-02, 3.98406386e-03, 0., 2.78884470e-02,
       3.98406386e-03, 3.98406386e-03, 1.19521916e-02, 1.19521916e-02,
       7.96812773e-03, 0., 7.96812773e-03, 3.98406386e-03,
       1.19521916e-02, 7.96812773e-03, 7.96812773e-03, 3.98406386e-03,
       7.96812773e-03, 1.59362555e-02, 3.58565748e-02, 1.19521916e-02,
       3.98406386e-03, 0., 3.98406386e-03, 1.59362555e-02,
       7.96812773e-03, 5.17928302e-02, 0., 1.99203193e-02,
       2.39043832e-02, 3.98406386e-03, 3.98406386e-03, 3.98406386e-03,
       7.96812773e-03, 7.96812773e-03, 1.59362555e-02, 7.96812773e-03,
       1.19521916e-02, 1.59362555e-02, 0., 7.96812773e-03,
       3.98406386e-03, 0., 0., 0., 3.98406386e-03, 1.19521916e-02,
       2.39043832e-02, 3.98406386e-03, 3.98406386e-03, 1.99203193e-02,
       3.98406386e-03, 1.19521916e-02, 1.59362555e-02, 1.19521916e-02,
       3.58565748e-02, 7.96812773e-03, 3.98406386e-03, 7.96812773e-03,
       3.98406386e-03, 0., 1.19521916e-02, 3.98406386e-03,
       3.98406386e-03, 1.99203193e-02, 3.98406386e-03, 1.19521916e-02,
       0., 1.59362555e-02, 7.96812773e-03, 7.96812773e-03,
       7.96812773e-03, 1.19521916e-02, 1.19521916e-02, 1.59362555e-02 ]
