%YAML:1.0
# BOW
Bow_descriptor: !!opencv-matrix
   rows: 1
   cols: 100
   dt: f
   data: [ 9.67741944e-03, 0., 1.12903221e-02, 1.12903221e-02,
       4.83870972e-03, 1.45161292e-02, 3.22580640e-03, 9.67741944e-03,
       9.67741944e-03, 8.06451589e-03, 2.09677424e-02, 3.22580640e-03,
       9.67741944e-03, 2.58064512e-02, 1.12903221e-02, 1.61290318e-02,
       1.45161292e-02, 8.06451589e-03, 8.06451589e-03, 2.58064512e-02,
       1.61290318e-02, 1.77419353e-02, 6.45161280e-03, 0.,
       8.06451589e-03, 1.12903221e-02, 8.06451589e-03, 1.12903221e-02,
       1.61290318e-02, 3.22580640e-03, 1.77419353e-02, 4.83870972e-03,
       9.67741944e-03, 8.06451589e-03, 1.77419353e-02, 1.61290320e-03,
       1.77419353e-02, 6.45161280e-03, 1.45161292e-02, 9.67741944e-03,
       6.45161280e-03, 2.41935477e-02, 8.06451589e-03, 8.06451589e-03,
       3.22580640e-03, 8.06451589e-03, 4.83870972e-03, 1.61290320e-03,
       1.93548389e-02, 1.29032256e-02, 8.06451589e-03, 9.67741944e-03,
       1.61290320e-03, 1.61290318e-02, 8.06451589e-03, 1.29032256e-02,
       9.67741944e-03, 1.45161292e-02, 9.67741944e-03, 1.77419353e-02,
       1.61290320e-03, 1.45161292e-02, 8.06451589e-03, 9.67741944e-03,
       1.61290320e-03, 1.45161292e-02, 9.67741944e-03, 3.22580640e-03,
       4.83870972e-03, 0., 3.22580640e-03, 4.83870972e-03,
       8.06451589e-03, 8.06451589e-03, 4.83870972e-03, 2.25806441e-02,
       9.67741944e-03, 1.12903221e-02, 1.61290318e-02, 9.67741944e-03,
       1.12903221e-02, 1.29032256e-02, 1.12903221e-02, 1.12903221e-02,
       3.22580640e-03, 4.83870972e-03, 1.61290318e-02, 1.29032256e-02,
       1.29032256e-02, 9.67741944e-03, 8.06451589e-03, 9.67741944e-03,
       9.67741944e-03, 8.06451589e-03, 3.22580640e-03, 6.45161280e-03,
       1.29032256e-02, 9.67741944e-03, 1.45161292e-02, 8.06451589e-03 ]
