%YAML:1.0
# BOW
Bow_descriptor: !!opencv-matrix
   rows: 1
   cols: 100
   dt: f
   data: [ 2.75927689e-02, 5.32825887e-02, 9.51474719e-03,
       5.70884859e-03, 9.51474719e-03, 5.70884859e-03, 0.,
       1.23691717e-02, 0., 3.80589906e-03, 6.66032359e-03,
       2.85442430e-03, 1.90294953e-03, 6.66032359e-03, 2.85442430e-03,
       4.75737359e-03, 1.33206472e-02, 9.51474765e-04, 0.,
       1.23691717e-02, 1.90294953e-03, 6.66032359e-03, 1.71265453e-02,
       2.85442434e-02, 4.75737359e-03, 9.51474765e-04, 9.51474765e-04,
       2.85442430e-03, 1.80780198e-02, 5.70884859e-03, 1.61750708e-02,
       1.71265453e-02, 9.51474765e-04, 6.66032359e-03, 2.85442430e-03,
       5.70884859e-03, 1.33206472e-02, 8.56327266e-03, 1.04662227e-02,
       5.70884859e-03, 8.56327266e-03, 6.66032359e-03, 2.85442430e-03,
       1.14176972e-02, 0., 1.42721217e-02, 1.90294953e-03,
       6.56517595e-02, 9.51474765e-04, 1.90294953e-03, 2.94957180e-02,
       9.51474765e-04, 0., 2.94957180e-02, 2.85442430e-03,
       4.75737359e-03, 5.70884859e-03, 2.85442430e-03, 3.80589906e-03,
       2.47383434e-02, 1.42721217e-02, 5.70884859e-03, 3.80589906e-03,
       4.75737359e-03, 0., 3.80589906e-03, 1.71265453e-02,
       2.66412944e-02, 9.51474765e-04, 2.85442434e-02, 9.51474719e-03,
       1.90294953e-03, 0., 7.61179812e-03, 2.75927689e-02,
       2.85442430e-03, 9.51474765e-04, 8.56327266e-03, 0.,
       1.99809708e-02, 4.75737359e-03, 1.14176972e-02, 1.90294953e-03,
       4.75737359e-03, 1.04662227e-02, 3.23501416e-02, 9.51474719e-03,
       4.47193123e-02, 4.75737359e-03, 9.51474719e-03, 1.90294953e-03,
       2.37868689e-02, 1.90294953e-03, 1.90294944e-02, 4.75737359e-03,
       2.18839198e-02, 3.80589906e-03, 1.14176972e-02, 9.51474719e-03,
       9.51474719e-03 ]
