%YAML:1.0
# BOW
Bow_descriptor: !!opencv-matrix
   rows: 1
   cols: 100
   dt: f
   data: [ 0., 0., 5.95238106e-03, 0., 0., 0., 1.30952388e-01, 0.,
       1.19047621e-02, 0., 1.19047621e-02, 0., 4.16666679e-02, 0.,
       1.78571437e-02, 0., 0., 1.19047621e-02, 1.19047621e-02, 0.,
       1.19047621e-02, 5.95238106e-03, 0., 0., 5.95238106e-03,
       1.19047621e-02, 5.95238106e-03, 5.95238106e-03, 0.,
       2.38095243e-02, 0., 0., 5.95238106e-03, 0., 0., 0.,
       5.95238106e-03, 5.95238106e-03, 1.78571437e-02, 5.95238106e-03,
       1.78571437e-02, 0., 5.95238106e-03, 5.95238106e-03,
       1.19047621e-02, 1.78571437e-02, 2.38095243e-02, 0.,
       5.95238106e-03, 0., 5.95238106e-03, 2.97619049e-02,
       1.19047621e-02, 5.95238106e-03, 0., 4.16666679e-02,
       5.95238106e-03, 0., 0., 0., 2.38095243e-02, 0., 5.95238106e-03,
       5.95238106e-03, 1.19047621e-02, 1.78571437e-02, 5.95238106e-03,
       5.95238106e-03, 5.95238106e-03, 0., 5.95238106e-03,
       2.38095243e-02, 1.54761910e-01, 0., 0., 0., 2.97619049e-02,
       1.19047621e-02, 0., 5.95238106e-03, 1.19047621e-02,
       5.95238106e-03, 5.95238106e-03, 0., 5.95238106e-03, 0., 0., 0.,
       0., 2.97619049e-02, 0., 1.19047621e-02, 2.97619049e-02,
       1.19047621e-02, 0., 5.95238106e-03, 0., 5.95238106e-03,
       5.95238106e-03, 5.95238106e-03 ]
