%YAML:1.0
# BOW
Bow_descriptor: !!opencv-matrix
   rows: 1
   cols: 100
   dt: f
   data: [ 0., 0., 5.64971752e-03, 5.64971752e-03, 0., 0.,
       9.60451961e-02, 0., 0., 3.38983051e-02, 5.64971752e-03, 0.,
       3.95480245e-02, 0., 1.12994350e-02, 5.64971752e-03,
       1.12994350e-02, 0., 0., 1.12994350e-02, 1.69491526e-02,
       1.69491526e-02, 0., 0., 0., 5.64971752e-03, 0., 5.64971752e-03,
       5.64971752e-03, 0., 5.64971752e-03, 0., 1.12994350e-02, 0., 0.,
       0., 1.69491526e-02, 1.12994350e-02, 1.12994350e-02,
       2.25988701e-02, 1.12994350e-02, 5.64971752e-03, 2.82485876e-02,
       5.64971752e-03, 5.64971752e-03, 2.82485876e-02, 3.38983051e-02,
       0., 0., 5.64971752e-03, 2.25988701e-02, 5.64971752e-03,
       1.12994350e-02, 0., 3.95480245e-02, 3.38983051e-02,
       5.64971752e-03, 1.12994350e-02, 2.25988701e-02, 5.64971752e-03,
       3.95480245e-02, 5.64971752e-03, 2.25988701e-02, 0., 0.,
       5.64971752e-03, 1.12994350e-02, 0., 0., 0., 2.25988701e-02,
       5.64971752e-03, 8.47457647e-02, 5.64971752e-03, 0., 0., 0.,
       5.64971752e-03, 0., 5.64971752e-03, 5.64971752e-03,
       5.64971752e-03, 1.69491526e-02, 0., 0., 5.64971752e-03,
       5.64971752e-03, 5.64971752e-03, 0., 3.95480245e-02,
       1.12994350e-02, 1.69491526e-02, 0., 0., 1.12994350e-02,
       1.12994350e-02, 1.12994350e-02, 0., 0., 0. ]
