%YAML:1.0
# BOW
Bow_descriptor: !!opencv-matrix
   rows: 1
   cols: 100
   dt: f
   data: [ 0., 0., 1.56250000e-02, 1.04166670e-02, 5.20833349e-03, 0.,
       1.04166672e-01, 0., 0., 2.08333340e-02, 1.04166670e-02, 0.,
       1.04166670e-02, 1.04166670e-02, 1.04166670e-02, 5.20833349e-03,
       0., 2.08333340e-02, 4.16666679e-02, 5.20833349e-03, 0.,
       5.20833349e-03, 0., 0., 0., 5.20833349e-03, 5.20833349e-03,
       2.60416679e-02, 1.04166670e-02, 2.60416679e-02, 0.,
       5.20833349e-03, 1.56250000e-02, 1.04166670e-02, 1.04166670e-02,
       5.20833349e-03, 5.20833349e-03, 0., 0., 0., 1.56250000e-02,
       5.20833349e-03, 0., 0., 2.60416679e-02, 5.20833349e-03,
       1.56250000e-02, 0., 0., 1.56250000e-02, 0., 2.08333340e-02,
       1.56250000e-02, 0., 5.20833349e-03, 1.56250000e-02, 0.,
       5.20833349e-03, 0., 0., 0., 5.20833349e-03, 0., 0.,
       2.08333340e-02, 1.04166670e-02, 1.04166670e-02, 0.,
       1.04166670e-02, 0., 1.04166670e-02, 1.04166670e-02,
       5.20833358e-02, 0., 5.20833349e-03, 1.04166670e-02, 0.,
       5.20833349e-03, 0., 0., 0., 5.20833349e-03, 1.04166670e-02, 0.,
       0., 9.37500000e-02, 0., 5.20833349e-03, 0., 5.20833349e-03,
       1.04166670e-02, 0., 1.25000000e-01, 5.20833349e-03,
       1.04166670e-02, 1.04166670e-02, 1.04166670e-02, 5.20833349e-03,
       0., 5.20833349e-03 ]
