%YAML:1.0
# BOW
Bow_descriptor: !!opencv-matrix
   rows: 1
   cols: 100
   dt: f
   data: [ 1.96413323e-02, 1.70794188e-03, 1.28095644e-02,
       1.45175057e-02, 7.68573862e-03, 1.02476515e-02, 2.04953030e-02,
       1.28095644e-02, 1.28095644e-02, 8.53970926e-03, 9.39367991e-03,
       6.83176750e-03, 1.96413323e-02, 8.53970926e-03, 1.45175057e-02,
       1.11016221e-02, 1.70794188e-03, 7.68573862e-03, 1.87873598e-02,
       1.28095644e-02, 8.53970926e-03, 5.12382574e-03, 8.53970926e-03,
       0., 8.53970926e-03, 7.68573862e-03, 1.53714772e-02,
       1.53714772e-02, 9.39367991e-03, 7.68573862e-03, 5.97779639e-03,
       3.41588375e-03, 8.53970926e-03, 1.28095644e-02, 1.02476515e-02,
       6.83176750e-03, 1.19555928e-02, 9.39367991e-03, 1.28095644e-02,
       9.39367991e-03, 1.19555928e-02, 5.12382574e-03, 1.62254479e-02,
       1.19555928e-02, 2.30572149e-02, 1.62254479e-02, 1.11016221e-02,
       0., 5.97779639e-03, 1.45175057e-02, 1.11016221e-02,
       4.26985463e-03, 7.68573862e-03, 1.36635350e-02, 1.45175057e-02,
       1.96413323e-02, 9.39367991e-03, 1.11016221e-02, 1.28095644e-02,
       1.11016221e-02, 1.19555928e-02, 1.02476515e-02, 1.28095644e-02,
       1.19555928e-02, 2.56191287e-03, 9.39367991e-03, 6.83176750e-03,
       7.68573862e-03, 5.12382574e-03, 8.53970938e-04, 9.39367991e-03,
       1.19555928e-02, 8.53970926e-03, 5.97779639e-03, 5.97779639e-03,
       1.02476515e-02, 8.53970926e-03, 1.11016221e-02, 8.53970926e-03,
       6.83176750e-03, 1.28095644e-02, 1.36635350e-02, 1.45175057e-02,
       8.53970926e-03, 4.26985463e-03, 1.70794188e-03, 1.11016221e-02,
       4.26985463e-03, 1.36635350e-02, 1.96413323e-02, 1.45175057e-02,
       7.68573862e-03, 8.53970926e-03, 5.12382574e-03, 1.28095644e-02,
       7.68573862e-03, 7.68573862e-03, 7.68573862e-03, 5.12382574e-03,
       1.11016221e-02 ]
