%YAML:1.0
# BOW
Bow_descriptor: !!opencv-matrix
   rows: 1
   cols: 100
   dt: f
   data: [ 8.66336655e-03, 0., 7.42574222e-03, 1.23762377e-02,
       3.71287111e-03, 7.42574222e-03, 1.85643565e-02, 4.95049497e-03,
       9.90098994e-03, 1.36138611e-02, 9.90098994e-03, 6.18811883e-03,
       7.42574222e-03, 1.48514844e-02, 7.42574222e-03, 1.85643565e-02,
       1.23762374e-03, 1.48514844e-02, 1.23762377e-02, 1.36138611e-02,
       1.23762377e-02, 9.90098994e-03, 1.48514844e-02, 0.,
       7.42574222e-03, 7.42574222e-03, 1.98019799e-02, 9.90098994e-03,
       8.66336655e-03, 1.60891078e-02, 1.36138611e-02, 1.23762374e-03,
       1.11386133e-02, 8.66336655e-03, 9.90098994e-03, 1.36138611e-02,
       2.47524749e-03, 6.18811883e-03, 3.71287111e-03, 9.90098994e-03,
       2.10396033e-02, 8.66336655e-03, 8.66336655e-03, 1.48514844e-02,
       9.90098994e-03, 7.42574222e-03, 8.66336655e-03, 0.,
       3.71287111e-03, 1.98019799e-02, 7.42574222e-03, 1.85643565e-02,
       1.98019799e-02, 1.11386133e-02, 9.90098994e-03, 1.60891078e-02,
       9.90098994e-03, 6.18811883e-03, 8.66336655e-03, 4.95049497e-03,
       3.71287111e-03, 2.72277221e-02, 1.73267331e-02, 7.42574222e-03,
       8.66336655e-03, 2.10396033e-02, 4.95049497e-03, 6.18811883e-03,
       3.71287111e-03, 0., 1.23762374e-03, 1.98019799e-02,
       2.10396033e-02, 8.66336655e-03, 4.95049497e-03, 2.47524749e-03,
       9.90098994e-03, 1.11386133e-02, 8.66336655e-03, 1.36138611e-02,
       1.36138611e-02, 4.95049497e-03, 1.98019799e-02, 7.42574222e-03,
       3.71287111e-03, 1.48514844e-02, 2.47524749e-03, 6.18811883e-03,
       7.42574222e-03, 9.90098994e-03, 7.42574222e-03, 7.42574222e-03,
       2.47524753e-02, 9.90098994e-03, 7.42574222e-03, 2.47524749e-03,
       1.11386133e-02, 6.18811883e-03, 9.90098994e-03, 2.59900987e-02 ]
