%YAML:1.0
# BOW
Bow_descriptor: !!opencv-matrix
   rows: 1
   cols: 100
   dt: f
   data: [ 1.64251197e-02, 0., 6.76328503e-03, 1.35265701e-02,
       1.54589368e-02, 1.83574874e-02, 2.60869563e-02, 8.69565178e-03,
       1.15942024e-02, 5.79710118e-03, 6.76328503e-03, 4.83091781e-03,
       1.15942024e-02, 2.22222209e-02, 1.44927530e-02, 4.83091781e-03,
       1.64251197e-02, 7.72946840e-03, 8.69565178e-03, 1.64251197e-02,
       9.66183562e-03, 7.72946840e-03, 1.44927530e-02, 0.,
       1.35265701e-02, 3.86473420e-03, 1.54589368e-02, 3.86473420e-03,
       7.72946840e-03, 1.15942024e-02, 1.44927530e-02, 9.66183562e-03,
       1.44927530e-02, 9.66183562e-03, 8.69565178e-03, 9.66183562e-03,
       4.83091781e-03, 8.69565178e-03, 8.69565178e-03, 5.79710118e-03,
       7.72946840e-03, 1.06280195e-02, 6.76328503e-03, 2.22222209e-02,
       7.72946840e-03, 1.44927530e-02, 5.79710118e-03, 0.,
       8.69565178e-03, 7.72946840e-03, 1.73913036e-02, 4.83091781e-03,
       2.89855059e-03, 1.15942024e-02, 5.79710118e-03, 1.15942024e-02,
       1.64251197e-02, 9.66183562e-03, 1.83574874e-02, 1.44927530e-02,
       3.86473420e-03, 1.35265701e-02, 1.06280195e-02, 1.06280195e-02,
       2.89855059e-03, 6.76328503e-03, 9.66183562e-03, 5.79710118e-03,
       2.89855059e-03, 0., 1.54589368e-02, 8.69565178e-03,
       1.44927530e-02, 4.83091781e-03, 2.89855059e-03, 1.06280195e-02,
       7.72946840e-03, 1.25603862e-02, 5.79710118e-03, 1.64251197e-02,
       5.79710118e-03, 6.76328503e-03, 1.15942024e-02, 6.76328503e-03,
       1.93236710e-03, 3.86473420e-03, 1.64251197e-02, 9.66183562e-03,
       1.35265701e-02, 1.15942024e-02, 8.69565178e-03, 1.73913036e-02,
       1.93236710e-03, 1.06280195e-02, 1.15942024e-02, 1.54589368e-02,
       1.25603862e-02, 1.44927530e-02, 1.06280195e-02, 1.83574874e-02 ]
