%YAML:1.0
# BOW
Bow_descriptor: !!opencv-matrix
   rows: 1
   cols: 100
   dt: f
   data: [ 1.20240487e-02, 0., 8.01603217e-03, 2.00400800e-02, 0.,
       1.00200400e-02, 4.00801608e-03, 8.01603217e-03, 1.60320643e-02,
       8.01603217e-03, 1.40280565e-02, 1.40280565e-02, 1.40280565e-02,
       1.40280565e-02, 3.00601199e-02, 1.40280565e-02, 2.00400804e-03,
       1.40280565e-02, 1.80360731e-02, 1.80360731e-02, 6.01202436e-03,
       1.00200400e-02, 4.00801608e-03, 0., 6.01202436e-03,
       1.40280565e-02, 1.40280565e-02, 1.00200400e-02, 1.00200400e-02,
       2.40480974e-02, 1.60320643e-02, 0., 4.00801608e-03,
       4.00801608e-03, 2.00400804e-03, 2.00400804e-03, 1.20240487e-02,
       6.01202436e-03, 4.00801608e-03, 1.20240487e-02, 1.40280565e-02,
       1.20240487e-02, 4.00801608e-03, 8.01603217e-03, 2.00400800e-02,
       1.00200400e-02, 4.00801608e-03, 2.00400804e-03, 6.01202436e-03,
       1.80360731e-02, 1.00200400e-02, 1.40280565e-02, 1.20240487e-02,
       2.00400800e-02, 1.40280565e-02, 1.40280565e-02, 1.20240487e-02,
       2.00400804e-03, 1.80360731e-02, 6.01202436e-03, 1.20240487e-02,
       4.00801608e-03, 1.00200400e-02, 6.01202436e-03, 6.01202436e-03,
       2.00400800e-02, 0., 2.00400804e-03, 1.40280565e-02, 0.,
       6.01202436e-03, 1.00200400e-02, 8.01603217e-03, 4.00801608e-03,
       4.00801608e-03, 1.60320643e-02, 1.20240487e-02, 4.00801608e-03,
       1.60320643e-02, 1.40280565e-02, 1.80360731e-02, 4.00801608e-03,
       6.01202436e-03, 1.00200400e-02, 2.00400804e-03, 1.60320643e-02,
       3.00601199e-02, 2.00400804e-03, 8.01603217e-03, 1.60320643e-02,
       1.00200400e-02, 1.40280565e-02, 6.01202436e-03, 6.01202436e-03,
       8.01603217e-03, 2.00400804e-03, 2.00400800e-02, 4.00801608e-03,
       6.01202436e-03, 2.40480974e-02 ]
