%YAML:1.0
# BOW
Bow_descriptor: !!opencv-matrix
   rows: 1
   cols: 100
   dt: f
   data: [ 4.66417894e-03, 0., 3.73134320e-03, 1.02611938e-02,
       1.58582088e-02, 8.39552190e-03, 4.38432842e-02, 7.46268639e-03,
       9.32835788e-03, 2.05223877e-02, 4.66417894e-03, 2.79850746e-03,
       1.30597008e-02, 1.30597008e-02, 1.67910438e-02, 1.39925368e-02,
       3.73134320e-03, 6.52985042e-03, 1.39925368e-02, 1.21268658e-02,
       9.32835788e-03, 1.21268658e-02, 5.59701491e-03, 0.,
       4.66417894e-03, 1.95895527e-02, 1.30597008e-02, 1.30597008e-02,
       7.46268639e-03, 7.46268639e-03, 1.02611938e-02, 2.79850746e-03,
       5.59701491e-03, 1.86567158e-02, 5.59701491e-03, 8.39552190e-03,
       9.32835788e-03, 6.52985042e-03, 6.52985042e-03, 7.46268639e-03,
       4.66417894e-03, 2.05223877e-02, 1.30597008e-02, 5.59701491e-03,
       2.05223877e-02, 9.32835788e-03, 6.52985042e-03, 0.,
       1.02611938e-02, 9.32835788e-03, 8.39552190e-03, 1.39925368e-02,
       8.39552190e-03, 1.21268658e-02, 1.86567158e-02, 1.49253728e-02,
       2.79850746e-03, 1.49253728e-02, 1.77238807e-02, 4.66417894e-03,
       7.46268639e-03, 5.59701491e-03, 1.02611938e-02, 7.46268639e-03,
       7.46268639e-03, 7.46268639e-03, 9.32835788e-03, 9.32835799e-04,
       6.52985042e-03, 0., 1.11940298e-02, 2.79850746e-03,
       3.82462665e-02, 9.32835788e-03, 2.79850746e-03, 9.32835788e-03,
       1.49253728e-02, 1.11940298e-02, 1.02611938e-02, 1.49253728e-02,
       1.86567160e-03, 5.59701491e-03, 8.39552190e-03, 6.52985042e-03,
       3.73134320e-03, 4.66417894e-03, 9.32835788e-03, 9.32835788e-03,
       5.59701491e-03, 1.30597008e-02, 1.58582088e-02, 1.39925368e-02,
       1.39925368e-02, 1.21268658e-02, 1.02611938e-02, 5.59701491e-03,
       2.42537316e-02, 1.30597008e-02, 7.46268639e-03, 1.30597008e-02 ]
