%YAML:1.0
# BOW
Bow_descriptor: !!opencv-matrix
   rows: 1
   cols: 100
   dt: f
   data: [ 3.93700786e-02, 3.37457843e-03, 2.24971883e-02,
       3.37457843e-03, 1.01237353e-02, 1.01237353e-02, 2.24971888e-03,
       1.57480314e-02, 5.62429707e-03, 5.62429707e-03, 1.01237353e-02,
       5.62429707e-03, 3.14960629e-02, 1.01237353e-02, 1.23734539e-02,
       5.62429707e-03, 4.04949412e-02, 7.87401572e-03, 7.87401572e-03,
       1.12485941e-02, 1.57480314e-02, 7.87401572e-03, 1.01237353e-02,
       2.24971888e-03, 2.13723294e-02, 1.12485941e-02, 1.12485941e-02,
       3.37457843e-03, 7.87401572e-03, 1.12485944e-03, 1.23734539e-02,
       2.24971888e-03, 1.23734539e-02, 2.24971888e-03, 6.74915686e-03,
       7.87401572e-03, 1.91226099e-02, 1.79977510e-02, 1.01237353e-02,
       1.57480314e-02, 1.12485944e-03, 4.49943775e-03, 1.12485941e-02,
       7.87401572e-03, 7.87401572e-03, 1.23734539e-02, 2.36220490e-02,
       0., 4.49943775e-03, 5.62429707e-03, 2.81214863e-02,
       1.12485944e-03, 3.37457843e-03, 2.24971888e-03, 0.,
       2.24971883e-02, 2.24971883e-02, 1.23734539e-02, 2.81214863e-02,
       7.87401572e-03, 1.57480314e-02, 6.74915686e-03, 4.49943775e-03,
       1.79977510e-02, 3.37457843e-03, 6.74915686e-03, 1.01237353e-02,
       2.24971888e-03, 1.34983137e-02, 2.24971888e-03, 1.01237353e-02,
       3.37457843e-03, 7.87401572e-03, 1.12485941e-02, 2.24971888e-03,
       7.87401572e-03, 6.74915686e-03, 1.12485944e-03, 8.99887551e-03,
       7.87401572e-03, 1.46231726e-02, 1.12485944e-03, 8.99887551e-03,
       1.34983137e-02, 4.49943775e-03, 2.24971888e-03, 3.37457843e-03,
       4.49943775e-03, 1.46231726e-02, 3.37457843e-02, 8.99887551e-03,
       4.49943775e-03, 3.37457843e-03, 4.49943775e-03, 3.03712040e-02,
       3.37457843e-03, 1.23734539e-02, 5.62429707e-03, 1.12485944e-03,
       6.74915686e-03 ]
