%YAML:1.0
# BOW
Bow_descriptor: !!opencv-matrix
   rows: 1
   cols: 100
   dt: f
   data: [ 6.28930796e-03, 0., 6.28930796e-03, 6.28930796e-03, 0., 0.,
       1.44654080e-01, 0., 6.28930796e-03, 1.25786159e-02, 0., 0.,
       1.88679248e-02, 0., 1.88679248e-02, 6.28930796e-03,
       6.28930796e-03, 1.88679248e-02, 1.88679248e-02, 0., 0.,
       1.25786159e-02, 0., 0., 6.28930796e-03, 6.28930796e-03,
       6.28930796e-03, 3.14465389e-02, 6.28930796e-03, 1.25786159e-02,
       0., 0., 0., 1.88679248e-02, 6.28930796e-03, 6.28930796e-03, 0.,
       1.25786159e-02, 0., 6.28930796e-03, 1.25786159e-02, 0.,
       6.28930796e-03, 0., 6.28930796e-03, 0., 3.14465389e-02, 0., 0.,
       1.88679248e-02, 1.25786159e-02, 3.14465389e-02, 0.,
       6.28930796e-03, 6.28930796e-03, 1.88679248e-02, 6.28930796e-03,
       0., 3.77358496e-02, 0., 0., 0., 1.25786159e-02, 0.,
       3.14465389e-02, 1.88679248e-02, 0., 0., 1.88679248e-02, 0.,
       6.28930796e-03, 6.28930796e-03, 1.44654080e-01, 6.28930796e-03,
       6.28930796e-03, 0., 6.28930796e-03, 6.28930796e-03, 0.,
       1.25786159e-02, 0., 0., 6.28930796e-03, 0., 6.28930796e-03,
       1.25786159e-02, 6.28930796e-03, 0., 0., 1.25786159e-02,
       6.28930796e-03, 0., 5.03144637e-02, 6.28930796e-03, 0.,
       6.28930796e-03, 6.28930796e-03, 6.28930796e-03, 0., 0. ]
