%YAML:1.0
# BOW
Bow_descriptor: !!opencv-matrix
   rows: 1
   cols: 100
   dt: f
   data: [ 1.87590197e-02, 1.44300144e-03, 7.21500721e-03,
       1.73160173e-02, 2.88600288e-02, 1.44300144e-02, 1.87590197e-02,
       5.77200577e-03, 1.15440115e-02, 1.01010101e-02, 1.73160173e-02,
       2.88600288e-03, 2.02020202e-02, 1.01010101e-02, 1.01010101e-02,
       1.44300144e-03, 2.88600288e-03, 2.88600288e-03, 4.18470427e-02,
       8.65800865e-03, 5.77200577e-03, 5.77200577e-03, 1.01010101e-02,
       0., 8.65800865e-03, 1.44300144e-03, 1.15440115e-02,
       1.15440115e-02, 5.77200577e-03, 4.76190485e-02, 4.32900432e-03,
       4.32900432e-03, 5.77200577e-03, 2.88600288e-03, 8.65800865e-03,
       0., 5.77200577e-03, 4.32900432e-03, 2.88600288e-02,
       8.65800865e-03, 7.21500721e-03, 1.44300144e-02, 1.44300144e-03,
       4.32900432e-03, 1.73160173e-02, 1.58730149e-02, 5.77200577e-03,
       0., 1.01010101e-02, 4.32900432e-03, 2.88600288e-03,
       1.01010101e-02, 1.01010101e-02, 1.87590197e-02, 2.88600288e-02,
       1.01010101e-02, 7.21500721e-03, 1.15440115e-02, 1.87590197e-02,
       5.77200577e-03, 2.88600288e-03, 2.88600288e-03, 1.73160173e-02,
       8.65800865e-03, 2.88600288e-03, 1.44300144e-03, 0.,
       4.32900432e-03, 0., 1.44300144e-03, 2.02020202e-02,
       8.65800865e-03, 1.01010101e-02, 1.44300144e-03, 4.32900432e-03,
       4.32900432e-03, 2.88600288e-03, 2.16450207e-02, 7.21500721e-03,
       3.17460299e-02, 8.65800865e-03, 4.32900432e-03, 1.01010101e-02,
       2.88600288e-03, 2.88600288e-03, 1.44300144e-03, 1.44300144e-02,
       1.29870130e-02, 5.77200577e-03, 3.60750370e-02, 1.15440115e-02,
       2.59740259e-02, 2.88600288e-03, 1.01010101e-02, 4.32900432e-03,
       8.65800865e-03, 2.88600288e-03, 8.65800865e-03, 1.29870130e-02,
       1.87590197e-02 ]
