%YAML:1.0
# BOW
Bow_descriptor: !!opencv-matrix
   rows: 1
   cols: 100
   dt: f
   data: [ 5.10204071e-03, 0., 1.02040814e-02, 1.02040814e-02,
       2.55102036e-03, 1.27551015e-02, 5.61224483e-02, 0.,
       2.04081628e-02, 1.27551015e-02, 7.65306130e-03, 0.,
       3.57142836e-02, 0., 2.55102031e-02, 1.53061226e-02,
       2.55102036e-03, 1.53061226e-02, 3.57142836e-02, 5.10204071e-03,
       2.55102036e-03, 2.55102036e-03, 7.65306130e-03, 0.,
       2.29591839e-02, 2.55102036e-03, 1.27551015e-02, 1.78571418e-02,
       7.65306130e-03, 1.78571418e-02, 5.10204071e-03, 2.55102036e-03,
       2.55102036e-03, 2.55102036e-03, 5.10204071e-03, 0.,
       5.10204071e-03, 1.02040814e-02, 5.10204071e-03, 1.27551015e-02,
       1.02040814e-02, 1.02040814e-02, 5.10204071e-03, 5.10204071e-03,
       2.04081628e-02, 5.10204071e-03, 1.02040814e-02, 0.,
       7.65306130e-03, 1.02040814e-02, 7.65306130e-03, 2.55102036e-03,
       1.53061226e-02, 7.65306130e-03, 1.78571418e-02, 1.78571418e-02,
       5.10204071e-03, 7.65306130e-03, 1.78571418e-02, 5.10204071e-03,
       1.02040814e-02, 5.10204071e-03, 1.27551015e-02, 5.10204071e-03,
       1.27551015e-02, 1.02040814e-02, 2.55102036e-03, 2.55102036e-03,
       1.02040814e-02, 0., 0., 1.27551015e-02, 5.35714291e-02,
       1.27551015e-02, 1.27551015e-02, 0., 1.02040814e-02,
       1.02040814e-02, 2.55102036e-03, 1.27551015e-02, 5.10204071e-03,
       5.10204071e-03, 1.27551015e-02, 0., 7.65306130e-03,
       1.02040814e-02, 7.65306130e-03, 7.65306130e-03, 1.53061226e-02,
       2.04081628e-02, 1.78571418e-02, 1.02040814e-02, 2.80612241e-02,
       0., 1.02040814e-02, 1.02040814e-02, 7.65306130e-03,
       2.55102036e-03, 7.65306130e-03, 7.65306130e-03 ]
