%YAML:1.0
# BOW
Bow_descriptor: !!opencv-matrix
   rows: 1
   cols: 100
   dt: f
   data: [ 5.98802418e-03, 0., 1.49700604e-02, 5.98802418e-03,
       1.19760484e-02, 5.98802418e-03, 4.79041934e-02, 0.,
       5.98802418e-03, 1.49700604e-02, 1.49700604e-02, 2.99401209e-03,
       2.99401209e-02, 5.98802418e-03, 2.69461088e-02, 1.19760484e-02,
       2.99401209e-03, 1.79640725e-02, 2.39520967e-02, 2.99401209e-03,
       0., 2.99401209e-03, 5.98802418e-03, 0., 2.99401209e-03,
       1.19760484e-02, 5.98802418e-03, 1.79640725e-02, 2.99401209e-03,
       2.69461088e-02, 5.98802418e-03, 5.98802418e-03, 0.,
       5.98802418e-03, 5.98802418e-03, 8.98203626e-03, 5.98802418e-03,
       5.98802418e-03, 2.99401209e-03, 5.98802418e-03, 5.98802418e-03,
       1.19760484e-02, 5.98802418e-03, 2.99401209e-03, 1.49700604e-02,
       2.39520967e-02, 2.09580846e-02, 0., 5.98802418e-03,
       1.19760484e-02, 1.19760484e-02, 8.98203626e-03, 1.49700604e-02,
       5.98802418e-03, 4.79041934e-02, 3.89221571e-02, 2.99401209e-03,
       5.98802418e-03, 8.98203626e-03, 0., 2.99401209e-03, 0.,
       5.98802418e-03, 8.98203626e-03, 1.19760484e-02, 1.19760484e-02,
       1.19760484e-02, 2.99401209e-03, 2.39520967e-02, 0.,
       2.09580846e-02, 2.09580846e-02, 6.28742576e-02, 2.99401209e-03,
       2.99401209e-03, 1.19760484e-02, 1.79640725e-02, 0.,
       2.99401209e-03, 8.98203626e-03, 5.98802418e-03, 2.99401209e-03,
       1.19760484e-02, 2.99401209e-03, 0., 1.19760484e-02,
       8.98203626e-03, 0., 8.98203626e-03, 2.09580846e-02,
       5.98802418e-03, 5.98802418e-03, 0., 2.99401209e-03,
       5.98802418e-03, 2.99401209e-03, 5.98802418e-03, 2.99401209e-03,
       5.98802418e-03, 1.49700604e-02 ]
