%YAML:1.0
# BOW
Bow_descriptor: !!opencv-matrix
   rows: 1
   cols: 100
   dt: f
   data: [ 1.03716515e-02, 1.72860851e-03, 8.64304230e-03,
       4.32152115e-03, 0., 1.21002598e-02, 1.72860851e-03,
       1.81503892e-02, 1.03716515e-02, 3.45721701e-03, 6.05012989e-03,
       1.21002598e-02, 1.72860851e-03, 5.18582575e-03, 4.32152115e-03,
       2.33362149e-02, 6.91443402e-03, 1.21002598e-02, 3.45721701e-03,
       2.67934315e-02, 2.42005195e-02, 1.03716515e-02, 6.91443402e-03,
       8.64304253e-04, 1.12359552e-02, 6.91443402e-03, 1.90146938e-02,
       1.21002598e-02, 5.18582575e-03, 2.59291288e-03, 1.64217800e-02,
       4.32152115e-03, 8.64304230e-03, 1.38288680e-02, 1.03716515e-02,
       2.50648241e-02, 4.32152115e-03, 1.03716515e-02, 1.72860851e-03,
       1.64217800e-02, 1.38288680e-02, 3.45721701e-03, 1.98789984e-02,
       1.03716515e-02, 5.18582575e-03, 4.32152115e-03, 9.50734690e-03,
       2.59291288e-03, 7.77873816e-03, 1.46931726e-02, 9.50734690e-03,
       1.64217800e-02, 1.21002598e-02, 6.05012989e-03, 1.72860851e-03,
       4.32152115e-03, 1.03716515e-02, 1.12359552e-02, 4.32152115e-03,
       8.64304230e-03, 2.59291288e-03, 1.12359552e-02, 6.05012989e-03,
       7.77873816e-03, 4.32152115e-03, 2.24719103e-02, 7.77873816e-03,
       1.72860851e-03, 1.98789984e-02, 0., 2.59291288e-03,
       9.50734690e-03, 4.32152115e-03, 6.05012989e-03, 1.21002598e-02,
       7.77873816e-03, 3.37078646e-02, 1.12359552e-02, 2.59291288e-03,
       7.77873816e-03, 1.38288680e-02, 1.64217800e-02, 9.50734690e-03,
       1.12359552e-02, 3.11149526e-02, 2.67934315e-02, 4.32152115e-03,
       2.59291288e-03, 1.21002598e-02, 5.18582575e-03, 9.50734690e-03,
       5.18582575e-03, 4.06223014e-02, 1.03716515e-02, 5.18582575e-03,
       3.45721701e-03, 2.42005195e-02, 1.12359552e-02, 1.29645634e-02,
       2.59291288e-03 ]
