%YAML:1.0
# BOW
Bow_descriptor: !!opencv-matrix
   rows: 1
   cols: 100
   dt: f
   data: [ 6.84931502e-03, 5.13698626e-03, 1.36986300e-02,
       3.42465751e-03, 6.84931502e-03, 6.84931502e-03, 3.42465751e-03,
       1.71232875e-02, 1.88356154e-02, 8.56164377e-03, 1.54109588e-02,
       3.42465751e-03, 3.42465751e-03, 1.88356154e-02, 8.56164377e-03,
       2.05479451e-02, 6.84931502e-03, 1.36986300e-02, 1.71232875e-03,
       3.42465751e-02, 4.10958901e-02, 1.54109588e-02, 1.02739725e-02,
       0., 1.02739725e-02, 1.54109588e-02, 1.19863013e-02,
       6.84931502e-03, 3.42465751e-03, 1.71232875e-03, 2.91095898e-02,
       3.42465751e-03, 0., 1.71232875e-02, 3.42465751e-03,
       1.19863013e-02, 2.22602747e-02, 1.36986300e-02, 6.84931502e-03,
       1.54109588e-02, 1.54109588e-02, 2.22602747e-02, 5.13698626e-03,
       1.36986300e-02, 1.19863013e-02, 3.42465751e-03, 1.36986300e-02,
       0., 1.02739725e-02, 1.54109588e-02, 3.42465751e-03,
       6.84931502e-03, 3.42465751e-03, 5.13698626e-03, 1.02739725e-02,
       8.56164377e-03, 1.36986300e-02, 1.19863013e-02, 5.13698626e-03,
       1.54109588e-02, 1.02739725e-02, 1.02739725e-02, 5.13698626e-03,
       1.71232875e-03, 3.42465751e-03, 1.19863013e-02, 3.42465751e-03,
       5.13698626e-03, 8.56164377e-03, 0., 6.84931502e-03,
       3.42465751e-03, 6.84931502e-03, 3.42465751e-03, 1.71232875e-03,
       8.56164377e-03, 2.73972601e-02, 8.56164377e-03, 8.56164377e-03,
       8.56164377e-03, 1.19863013e-02, 6.84931502e-03, 3.42465751e-03,
       1.36986300e-02, 1.71232875e-03, 1.19863013e-02, 1.02739725e-02,
       1.19863013e-02, 1.19863013e-02, 5.13698626e-03, 8.56164377e-03,
       1.54109588e-02, 5.13698626e-03, 8.56164377e-03, 1.02739725e-02,
       6.84931502e-03, 3.25342454e-02, 3.42465751e-03, 1.54109588e-02,
       8.56164377e-03 ]
