%YAML:1.0
# BOW
Bow_descriptor: !!opencv-matrix
   rows: 1
   cols: 100
   dt: f
   data: [ 2.77777785e-03, 0., 2.77777785e-03, 8.33333377e-03,
       2.77777785e-03, 5.55555569e-03, 5.55555560e-02, 0.,
       2.77777785e-03, 3.33333351e-02, 2.77777785e-03, 0.,
       3.33333351e-02, 0., 8.33333377e-03, 2.77777785e-03, 0.,
       8.33333377e-03, 8.33333377e-03, 0., 1.11111114e-02,
       2.77777785e-03, 2.77777785e-03, 0., 8.33333377e-03,
       1.38888890e-02, 1.11111114e-02, 3.05555556e-02, 2.77777785e-03,
       1.94444451e-02, 8.33333377e-03, 0., 0., 1.38888890e-02,
       2.77777785e-03, 1.38888890e-02, 1.38888890e-02, 5.55555569e-03,
       2.77777785e-03, 5.55555569e-03, 3.05555556e-02, 5.55555569e-03,
       1.94444451e-02, 2.77777785e-03, 1.11111114e-02, 1.38888890e-02,
       1.11111114e-02, 0., 5.55555569e-03, 5.55555569e-03,
       2.77777785e-03, 2.77777780e-02, 5.83333336e-02, 2.77777785e-03,
       1.38888890e-02, 2.77777780e-02, 5.55555569e-03, 5.55555569e-03,
       1.66666675e-02, 0., 5.55555569e-03, 1.11111114e-02,
       5.55555569e-03, 2.77777785e-03, 2.22222228e-02, 8.33333377e-03,
       0., 0., 1.11111114e-02, 0., 8.33333377e-03, 1.94444451e-02,
       4.44444455e-02, 2.77777785e-03, 2.77777785e-03, 0.,
       1.66666675e-02, 1.11111114e-02, 2.77777785e-03, 2.77777785e-03,
       2.77777785e-03, 5.55555569e-03, 5.55555569e-03, 0.,
       2.77777785e-03, 1.94444451e-02, 0., 5.55555569e-03, 0.,
       1.11111114e-02, 3.88888903e-02, 2.77777785e-03, 6.38888925e-02,
       2.77777785e-03, 5.55555569e-03, 0., 1.38888890e-02,
       8.33333377e-03, 0., 1.94444451e-02 ]
