%YAML:1.0
# BOW
Bow_descriptor: !!opencv-matrix
   rows: 1
   cols: 100
   dt: f
   data: [ 4.85436898e-03, 0., 0., 4.85436898e-03, 9.70873795e-03, 0.,
       5.82524277e-02, 4.85436898e-03, 4.85436898e-03, 3.88349518e-02,
       9.70873795e-03, 4.85436898e-03, 9.70873795e-03, 0.,
       4.85436898e-03, 9.70873795e-03, 0., 1.45631069e-02,
       4.85436898e-03, 4.85436898e-03, 0., 1.45631069e-02,
       4.85436898e-03, 0., 4.85436898e-03, 1.45631069e-02,
       4.85436898e-03, 1.94174759e-02, 4.85436898e-03, 4.85436898e-03,
       9.70873795e-03, 9.70873795e-03, 0., 4.85436898e-03,
       9.70873795e-03, 0., 2.91262139e-02, 4.85436898e-03,
       9.70873795e-03, 0., 2.91262139e-02, 0., 1.94174759e-02,
       4.85436898e-03, 4.36893217e-02, 1.45631069e-02, 1.45631069e-02,
       0., 0., 1.45631069e-02, 1.45631069e-02, 2.91262139e-02,
       3.39805819e-02, 0., 4.85436898e-03, 2.42718458e-02,
       1.45631069e-02, 4.85436898e-03, 9.70873795e-03, 0.,
       4.85436898e-03, 0., 4.85436898e-03, 4.85436898e-03,
       4.85436916e-02, 2.91262139e-02, 4.85436898e-03, 1.94174759e-02,
       2.42718458e-02, 0., 4.85436898e-03, 0., 3.88349518e-02,
       9.70873795e-03, 0., 0., 1.45631069e-02, 0., 1.94174759e-02, 0.,
       0., 1.45631069e-02, 4.85436898e-03, 9.70873795e-03, 0.,
       9.70873795e-03, 4.85436898e-03, 4.85436898e-03, 0.,
       4.85436898e-03, 3.88349518e-02, 0., 1.94174759e-02,
       4.85436898e-03, 4.85436898e-03, 4.85436898e-03, 0.,
       9.70873795e-03, 9.70873795e-03, 9.70873795e-03 ]
