%YAML:1.0
# BOW
Bow_descriptor: !!opencv-matrix
   rows: 1
   cols: 100
   dt: f
   data: [ 4.83091781e-03, 0., 2.41545886e-02, 1.44927539e-02,
       4.83091781e-03, 4.83091781e-03, 7.24637695e-03, 9.66183562e-03,
       1.93236712e-02, 7.24637695e-03, 1.69082116e-02, 9.66183562e-03,
       1.93236712e-02, 9.66183562e-03, 1.44927539e-02, 4.83091781e-03,
       2.41545890e-03, 1.20772943e-02, 9.66183562e-03, 1.44927539e-02,
       2.17391308e-02, 1.44927539e-02, 7.24637695e-03, 0.,
       9.66183562e-03, 7.24637695e-03, 9.66183562e-03, 4.83091781e-03,
       1.20772943e-02, 2.65700482e-02, 1.93236712e-02, 4.83091781e-03,
       7.24637695e-03, 1.44927539e-02, 2.41545890e-03, 4.83091781e-03,
       2.17391308e-02, 0., 2.41545890e-03, 7.24637695e-03,
       7.24637695e-03, 1.44927539e-02, 9.66183562e-03, 2.41545890e-03,
       2.41545886e-02, 7.24637695e-03, 7.24637695e-03, 0.,
       7.24637695e-03, 9.66183562e-03, 7.24637695e-03, 1.93236712e-02,
       2.41545890e-03, 1.69082116e-02, 1.44927539e-02, 2.17391308e-02,
       7.24637695e-03, 1.44927539e-02, 1.44927539e-02, 0.,
       2.41545890e-03, 1.20772943e-02, 1.44927539e-02, 4.83091781e-03,
       2.41545890e-03, 1.44927539e-02, 4.83091781e-03, 7.24637695e-03,
       2.17391308e-02, 0., 9.66183562e-03, 1.20772943e-02,
       7.24637695e-03, 2.41545890e-03, 2.41545890e-03, 1.20772943e-02,
       2.65700482e-02, 9.66183562e-03, 1.93236712e-02, 1.44927539e-02,
       2.17391308e-02, 4.83091781e-03, 1.69082116e-02, 9.66183562e-03,
       4.83091781e-03, 2.41545890e-03, 1.69082116e-02, 9.66183562e-03,
       9.66183562e-03, 1.44927539e-02, 7.24637695e-03, 1.69082116e-02,
       0., 1.20772943e-02, 0., 4.83091781e-03, 7.24637695e-03,
       2.41545890e-03, 2.41545890e-03, 1.93236712e-02 ]
