%YAML:1.0
# BOW
Bow_descriptor: !!opencv-matrix
   rows: 1
   cols: 100
   dt: f
   data: [ 0., 0., 5.36193047e-03, 1.34048257e-02, 2.68096523e-03,
       2.68096523e-03, 4.82573733e-02, 5.36193047e-03, 5.36193047e-03,
       8.04289617e-03, 2.68096523e-03, 2.68096523e-03, 2.14477219e-02,
       1.07238609e-02, 2.14477219e-02, 2.14477219e-02, 1.87667571e-02,
       1.34048257e-02, 5.36193047e-03, 5.36193047e-03, 2.14477219e-02,
       5.36193047e-03, 0., 0., 1.60857923e-02, 1.60857923e-02,
       1.60857923e-02, 2.68096514e-02, 1.07238609e-02, 1.07238609e-02,
       2.14477219e-02, 2.68096523e-03, 8.04289617e-03, 8.04289617e-03,
       2.68096523e-03, 2.68096523e-03, 1.34048257e-02, 2.68096523e-03,
       2.68096523e-03, 8.04289617e-03, 1.07238609e-02, 5.36193047e-03,
       1.87667571e-02, 8.04289617e-03, 1.60857923e-02, 0.,
       2.68096523e-03, 0., 8.04289617e-03, 2.41286866e-02,
       1.60857923e-02, 1.87667571e-02, 2.68096523e-03, 2.68096523e-03,
       2.68096523e-03, 1.34048257e-02, 1.07238609e-02, 5.36193047e-03,
       1.34048257e-02, 2.68096523e-03, 1.34048257e-02, 8.04289617e-03,
       1.34048257e-02, 2.68096523e-03, 1.60857923e-02, 8.04289617e-03,
       5.36193047e-03, 2.68096523e-03, 1.60857923e-02, 0.,
       1.07238609e-02, 1.07238609e-02, 2.94906180e-02, 5.36193047e-03,
       5.36193047e-03, 5.36193047e-03, 1.60857923e-02, 5.36193047e-03,
       8.04289617e-03, 1.07238609e-02, 2.68096523e-03, 8.04289617e-03,
       8.04289617e-03, 8.04289617e-03, 1.87667571e-02, 3.75335142e-02,
       8.04289617e-03, 8.04289617e-03, 1.07238609e-02, 8.04289617e-03,
       5.36193047e-03, 1.87667571e-02, 1.87667571e-02, 8.04289617e-03,
       1.07238609e-02, 8.04289617e-03, 1.60857923e-02, 2.68096523e-03,
       5.36193047e-03, 2.68096523e-03 ]
