%YAML:1.0
# BOW
Bow_descriptor: !!opencv-matrix
   rows: 1
   cols: 15
   dt: f
   data: [ 5.60975596e-02, 2.92682927e-02, 5.85365854e-02,
       1.95121951e-02, 4.14634161e-02, 2.34146342e-01, 7.56097585e-02,
       5.85365854e-02, 1.70731712e-02, 1.19512193e-01, 4.87804860e-02,
       1.46341464e-02, 5.12195118e-02, 1.09756097e-01, 6.58536553e-02 ]
