%YAML:1.0
# BOW
Bow_descriptor: !!opencv-matrix
   rows: 1
   cols: 15
   dt: f
   data: [ 2.88000017e-01, 0., 9.60000008e-02, 0., 8.00000038e-03,
       3.20000015e-02, 8.00000057e-02, 1.28000006e-01, 8.00000038e-03,
       8.00000038e-03, 1.60000008e-02, 8.00000038e-03, 7.20000044e-02,
       2.32000008e-01, 2.40000002e-02 ]
