%YAML:1.0
# BOW
Bow_descriptor: !!opencv-matrix
   rows: 1
   cols: 15
   dt: f
   data: [ 7.70925060e-02, 5.06607890e-02, 4.18502167e-02,
       3.96475755e-02, 9.03083682e-02, 3.08370031e-02, 4.62555066e-02,
       9.69162956e-02, 5.94713613e-02, 3.96475755e-02, 2.20264308e-02,
       9.03083682e-02, 1.47577092e-01, 1.05726868e-01, 6.16740063e-02 ]
