%YAML:1.0
# BOW
Bow_descriptor: !!opencv-matrix
   rows: 1
   cols: 15
   dt: f
   data: [ 1.55844152e-01, 1.29870130e-02, 5.19480519e-02,
       5.19480519e-02, 2.59740259e-02, 1.68831170e-01, 5.19480519e-02,
       1.68831170e-01, 0., 6.49350658e-02, 1.29870130e-02,
       3.89610380e-02, 3.89610380e-02, 1.29870132e-01, 2.59740259e-02 ]
