%YAML:1.0
# BOW
Bow_descriptor: !!opencv-matrix
   rows: 1
   cols: 15
   dt: f
   data: [ 7.65550211e-02, 3.73205721e-01, 6.69856444e-02,
       5.74162677e-02, 3.82775106e-02, 2.87081338e-02, 3.34928222e-02,
       5.26315756e-02, 3.82775106e-02, 2.39234436e-02, 2.39234436e-02,
       4.30621989e-02, 4.78468882e-03, 2.39234436e-02, 1.14832535e-01 ]
