%YAML:1.0
# BOW
Bow_descriptor: !!opencv-matrix
   rows: 1
   cols: 15
   dt: f
   data: [ 0., 0., 3.55731249e-02, 0., 3.55731249e-02, 0.,
       1.18577080e-02, 2.37154160e-02, 1.58102773e-02, 0.,
       3.95256933e-03, 0., 0., 8.69565248e-01, 3.95256933e-03 ]
