%YAML:1.0
# BOW
Bow_descriptor: !!opencv-matrix
   rows: 1
   cols: 15
   dt: f
   data: [ 2.84263968e-01, 4.06091362e-02, 7.10659921e-02,
       3.04568522e-02, 2.03045681e-02, 3.04568522e-02, 6.59898445e-02,
       9.13705528e-02, 1.52284261e-02, 7.10659921e-02, 4.06091362e-02,
       9.13705528e-02, 4.56852764e-02, 6.09137043e-02, 4.06091362e-02 ]
