%YAML:1.0
# BOW
Bow_descriptor: !!opencv-matrix
   rows: 1
   cols: 15
   dt: f
   data: [ 1.34556577e-01, 0., 3.97553518e-02, 3.05810408e-03,
       6.72782883e-02, 9.48012248e-02, 3.66972499e-02, 1.25382274e-01,
       1.00917436e-01, 4.28134575e-02, 6.11620815e-03, 3.66972499e-02,
       1.00917436e-01, 2.11009175e-01, 0. ]
