%YAML:1.0
# BOW
Bow_descriptor: !!opencv-matrix
   rows: 1
   cols: 15
   dt: f
   data: [ 2.41975322e-01, 4.44444455e-02, 4.93827164e-02,
       3.70370373e-02, 2.96296310e-02, 7.90123492e-02, 6.41975328e-02,
       1.85185194e-01, 1.97530873e-02, 5.67901246e-02, 1.72839519e-02,
       1.72839519e-02, 5.43209910e-02, 6.66666701e-02, 3.70370373e-02 ]
