%YAML:1.0
# BOW
Bow_descriptor: !!opencv-matrix
   rows: 1
   cols: 15
   dt: f
   data: [ 2.75862068e-01, 0., 3.44827592e-01, 0., 0., 0.,
       3.44827592e-01, 3.44827585e-02, 0., 0., 0., 0., 0., 0., 0. ]
