%YAML:1.0
# BOW
Bow_descriptor: !!opencv-matrix
   rows: 1
   cols: 15
   dt: f
   data: [ 2.76315778e-01, 0., 7.89473653e-02, 1.31578948e-02,
       2.63157897e-02, 0., 1.05263159e-01, 3.02631587e-01, 0.,
       1.31578948e-02, 0., 0., 7.89473653e-02, 1.05263159e-01, 0. ]
