%YAML:1.0
# BOW
Bow_descriptor: !!opencv-matrix
   rows: 1
   cols: 15
   dt: f
   data: [ 8.79689530e-02, 1.16429493e-01, 7.37386793e-02,
       1.09961189e-01, 8.40879679e-02, 3.88098322e-02, 1.07373871e-01,
       5.82147464e-02, 3.62225100e-02, 2.84605436e-02, 8.66752937e-02,
       3.36351879e-02, 2.58732215e-02, 2.32858993e-02, 8.92626122e-02 ]
