%YAML:1.0
# BOW
Bow_descriptor: !!opencv-matrix
   rows: 1
   cols: 15
   dt: f
   data: [ 4.65116277e-02, 6.97674453e-02, 3.60465109e-01, 0., 0., 0.,
       3.72093022e-01, 1.16279069e-02, 0., 0., 0., 0., 8.13953504e-02,
       0., 5.81395328e-02 ]
