%YAML:1.0
# BOW
Bow_descriptor: !!opencv-matrix
   rows: 1
   cols: 15
   dt: f
   data: [ 5.89970499e-03, 9.14454311e-02, 8.25958699e-02,
       5.89970499e-02, 3.83480825e-02, 1.41592920e-01, 6.19469024e-02,
       6.48967549e-02, 4.42477874e-02, 9.43952799e-02, 1.06194690e-01,
       3.24483775e-02, 6.78466111e-02, 3.24483775e-02, 7.66961649e-02 ]
