%YAML:1.0
# BOW
Bow_descriptor: !!opencv-matrix
   rows: 1
   cols: 15
   dt: f
   data: [ 1.42076492e-01, 3.82513665e-02, 8.19672123e-02,
       6.01092875e-02, 8.19672123e-02, 7.65027329e-02, 6.55737668e-02,
       1.25683054e-01, 7.10382462e-02, 3.82513665e-02, 5.46448082e-02,
       6.55737668e-02, 2.18579229e-02, 4.37158458e-02, 3.27868834e-02 ]
