%YAML:1.0
# BOW
Bow_descriptor: !!opencv-matrix
   rows: 1
   cols: 15
   dt: f
   data: [ 2.09302321e-01, 0., 1.99335553e-02, 2.99003311e-02,
       1.99335553e-02, 4.98338863e-02, 2.32558139e-02, 9.30232555e-02,
       1.66112948e-02, 7.30896965e-02, 1.66112948e-02, 6.64451811e-03,
       1.59468442e-01, 2.75747508e-01, 6.64451811e-03 ]
