%YAML:1.0
# BOW
Bow_descriptor: !!opencv-matrix
   rows: 1
   cols: 15
   dt: f
   data: [ 2.18181819e-01, 3.63636352e-02, 1.27272725e-01,
       1.81818176e-02, 1.81818176e-02, 5.45454547e-02, 2.18181819e-01,
       1.45454541e-01, 3.63636352e-02, 3.63636352e-02, 3.63636352e-02,
       1.81818176e-02, 0., 1.81818176e-02, 1.81818176e-02 ]
