%YAML:1.0
# BOW
Bow_descriptor: !!opencv-matrix
   rows: 1
   cols: 15
   dt: f
   data: [ 4.18848157e-01, 1.04712043e-02, 3.14136147e-02,
       5.23560215e-03, 3.14136147e-02, 7.32984319e-02, 2.61780098e-02,
       2.40837693e-01, 5.23560215e-03, 5.23560215e-03, 5.23560215e-03,
       5.23560215e-03, 8.37696344e-02, 4.71204184e-02, 1.04712043e-02 ]
