%YAML:1.0
# BOW
Bow_descriptor: !!opencv-matrix
   rows: 1
   cols: 15
   dt: f
   data: [ 5.93750000e-01, 0., 2.34375000e-02, 0., 2.34375000e-02,
       4.68750000e-02, 3.12500000e-02, 1.95312500e-01, 0.,
       3.12500000e-02, 0., 0., 1.56250000e-02, 3.12500000e-02,
       7.81250000e-03 ]
