%YAML:1.0
# BOW
Bow_descriptor: !!opencv-matrix
   rows: 1
   cols: 15
   dt: f
   data: [ 2.02020198e-01, 0., 2.02020202e-02, 1.01010101e-02,
       3.03030312e-02, 0., 4.04040404e-02, 1.81818187e-01,
       1.01010101e-02, 0., 1.01010101e-02, 1.01010101e-02,
       1.71717167e-01, 3.13131303e-01, 0. ]
