%YAML:1.0
# BOW
Bow_descriptor: !!opencv-matrix
   rows: 1
   cols: 15
   dt: f
   data: [ 3.38235289e-01, 2.20588241e-02, 3.67647074e-02,
       7.35294120e-03, 7.35294148e-02, 8.82352963e-02, 5.88235296e-02,
       1.54411763e-01, 3.67647074e-02, 7.35294120e-03, 2.20588241e-02,
       2.94117648e-02, 4.41176482e-02, 2.94117648e-02, 5.14705889e-02 ]
