%YAML:1.0
# BOW
Bow_descriptor: !!opencv-matrix
   rows: 1
   cols: 15
   dt: f
   data: [ 1.06382973e-01, 1.14361696e-01, 8.51063803e-02,
       8.51063803e-02, 5.05319126e-02, 6.11702092e-02, 7.44680837e-02,
       5.85106350e-02, 1.86170209e-02, 7.97872320e-02, 9.84042510e-02,
       3.45744677e-02, 1.86170209e-02, 2.39361692e-02, 9.04255286e-02 ]
