%YAML:1.0
# BOW
Bow_descriptor: !!opencv-matrix
   rows: 1
   cols: 15
   dt: f
   data: [ 1.96078438e-02, 7.84313753e-02, 5.88235334e-02,
       1.37254909e-01, 5.88235334e-02, 1.96078438e-02, 1.96078438e-02,
       0., 2.15686277e-01, 0., 0., 9.80392173e-02, 1.96078435e-01, 0.,
       9.80392173e-02 ]
