%YAML:1.0
# BOW
Bow_descriptor: !!opencv-matrix
   rows: 1
   cols: 15
   dt: f
   data: [ 7.14285746e-02, 1.14285715e-01, 1.14285715e-01,
       7.14285746e-02, 1.14285715e-01, 3.57142873e-02, 1.14285715e-01,
       5.71428575e-02, 1.42857144e-02, 2.14285720e-02, 7.14285746e-02,
       2.14285720e-02, 4.28571440e-02, 5.00000007e-02, 8.57142881e-02 ]
