%YAML:1.0
# BOW
Bow_descriptor: !!opencv-matrix
   rows: 1
   cols: 15
   dt: f
   data: [ 1.81818176e-02, 0., 3.63636352e-02, 0., 3.03030293e-02,
       1.21212117e-02, 3.03030293e-02, 6.06060587e-02, 6.06060587e-03,
       1.21212117e-02, 0., 1.21212117e-02, 0., 7.69696951e-01,
       1.21212117e-02 ]
