%YAML:1.0
# BOW
Bow_descriptor: !!opencv-matrix
   rows: 1
   cols: 15
   dt: f
   data: [ 3.19148928e-01, 0., 3.19148935e-02, 0., 6.38297871e-02,
       6.91489354e-02, 5.85106350e-02, 2.55319148e-01, 5.31914877e-03,
       2.12765951e-02, 5.31914877e-03, 0., 8.51063803e-02,
       8.51063803e-02, 0. ]
