%YAML:1.0
# BOW
Bow_descriptor: !!opencv-matrix
   rows: 1
   cols: 15
   dt: f
   data: [ 2.34042540e-01, 2.12765951e-02, 1.70212761e-01, 0.,
       2.12765951e-02, 1.70212761e-01, 4.25531901e-02, 1.27659574e-01,
       8.51063803e-02, 2.12765951e-02, 0., 8.51063803e-02, 0.,
       2.12765951e-02, 0. ]
