%YAML:1.0
# BOW
Bow_descriptor: !!opencv-matrix
   rows: 1
   cols: 15
   dt: f
   data: [ 1.82926834e-01, 1.70731712e-02, 6.82926849e-02, 0.,
       3.41463424e-02, 8.53658542e-02, 6.34146333e-02, 2.26829275e-01,
       4.14634161e-02, 1.95121951e-02, 9.75609757e-03, 6.58536553e-02,
       5.60975596e-02, 1.19512193e-01, 9.75609757e-03 ]
