%YAML:1.0
# BOW
Bow_descriptor: !!opencv-matrix
   rows: 1
   cols: 15
   dt: f
   data: [ 9.23482925e-02, 6.86015859e-02, 8.97097662e-02,
       1.66226923e-01, 4.48548831e-02, 2.63852254e-02, 8.44327211e-02,
       2.37467028e-02, 2.11081803e-02, 7.91556761e-02, 1.63588405e-01,
       5.27704507e-02, 2.90237479e-02, 1.58311352e-02, 4.22163606e-02 ]
