%YAML:1.0
# BOW
Bow_descriptor: !!opencv-matrix
   rows: 1
   cols: 15
   dt: f
   data: [ 2.46913582e-02, 8.23045298e-02, 7.81892985e-02,
       6.44718781e-02, 6.03566542e-02, 6.31001368e-02, 7.95610398e-02,
       4.52674888e-02, 5.07544577e-02, 6.31001368e-02, 9.32784602e-02,
       6.17283955e-02, 6.72153607e-02, 5.89849092e-02, 1.06995888e-01 ]
