%YAML:1.0
# BOW
Bow_descriptor: !!opencv-matrix
   rows: 1
   cols: 15
   dt: f
   data: [ 7.86713287e-02, 1.19755246e-01, 9.26573426e-02,
       7.25524500e-02, 8.12937021e-02, 3.75874117e-02, 7.25524500e-02,
       7.69230723e-02, 6.38111904e-02, 3.84615362e-02, 6.20629378e-02,
       7.51748234e-02, 3.32167819e-02, 2.44755242e-02, 7.08041936e-02 ]
