%YAML:1.0
# BOW
Bow_descriptor: !!opencv-matrix
   rows: 1
   cols: 15
   dt: f
   data: [ 1.39737986e-02, 7.54002929e-02, 9.08296928e-02,
       4.68704514e-02, 5.50218336e-02, 1.38573512e-01, 8.26783106e-02,
       3.11499275e-02, 3.49344984e-02, 1.37991264e-01, 8.03493410e-02,
       2.29985435e-02, 4.42503653e-02, 5.73507994e-02, 8.76273662e-02 ]
