%YAML:1.0
# BOW
Bow_descriptor: !!opencv-matrix
   rows: 1
   cols: 15
   dt: f
   data: [ 5.44041432e-02, 7.94473216e-02, 6.99481890e-02,
       6.56303987e-02, 5.44041432e-02, 5.69948182e-02, 7.94473216e-02,
       5.52677028e-02, 6.13126084e-02, 4.74956818e-02, 6.30397201e-02,
       6.21761642e-02, 8.98100138e-02, 9.32642519e-02, 6.73575103e-02 ]
