%YAML:1.0
# BOW
Bow_descriptor: !!opencv-matrix
   rows: 1
   cols: 15
   dt: f
   data: [ 3.40623893e-02, 1.43420577e-01, 9.14306194e-02,
       1.12585157e-01, 7.52958059e-02, 4.12334166e-02, 1.07565433e-01,
       3.51380408e-02, 4.41018268e-02, 3.76479030e-02, 9.96773019e-02,
       2.97597703e-02, 2.29472928e-02, 1.86446756e-02, 1.06489778e-01 ]
