%YAML:1.0
# BOW
Bow_descriptor: !!opencv-matrix
   rows: 1
   cols: 15
   dt: f
   data: [ 5.81859685e-02, 1.18083291e-01, 9.01312083e-02,
       8.55676010e-02, 6.27495721e-02, 2.85225343e-02, 8.15744475e-02,
       6.33200258e-02, 6.78836331e-02, 3.30861397e-02, 7.52994865e-02,
       8.21449012e-02, 3.70792933e-02, 3.08043361e-02, 8.55676010e-02 ]
