%YAML:1.0
# BOW
Bow_descriptor: !!opencv-matrix
   rows: 1
   cols: 15
   dt: f
   data: [ 4.13870253e-02, 9.39597264e-02, 1.00298285e-01,
       8.16554800e-02, 1.22669645e-01, 2.46085003e-02, 9.65697244e-02,
       4.77255769e-02, 6.00298271e-02, 3.24384794e-02, 6.74869493e-02,
       4.69798632e-02, 4.92170006e-02, 3.61670405e-02, 9.88068581e-02 ]
