%YAML:1.0
# BOW
Bow_descriptor: !!opencv-matrix
   rows: 1
   cols: 15
   dt: f
   data: [ 3.02491095e-02, 9.07473266e-02, 7.11743757e-02,
       6.85053393e-02, 6.76156580e-02, 5.33807836e-02, 6.49466217e-02,
       5.60498200e-02, 6.93950206e-02, 4.89323847e-02, 6.22775778e-02,
       7.11743757e-02, 7.91814923e-02, 8.09608549e-02, 8.54092538e-02 ]
