%YAML:1.0
# BOW
Bow_descriptor: !!opencv-matrix
   rows: 1
   cols: 15
   dt: f
   data: [ 5.02336435e-02, 1.03387848e-01, 1.08644858e-01,
       7.94392526e-02, 1.05140187e-01, 3.44626158e-02, 8.52803737e-02,
       3.85514013e-02, 5.54906540e-02, 3.85514013e-02, 8.23598132e-02,
       5.08177541e-02, 3.91355120e-02, 2.80373823e-02, 1.00467287e-01 ]
