%YAML:1.0
# BOW
Bow_descriptor: !!opencv-matrix
   rows: 1
   cols: 15
   dt: f
   data: [ 8.23798627e-02, 1.14988551e-01, 1.04118988e-01,
       7.55148679e-02, 4.97711636e-02, 2.63157878e-02, 1.06979400e-01,
       5.26315756e-02, 4.46224250e-02, 4.69107516e-02, 8.98169279e-02,
       5.20594940e-02, 2.97482833e-02, 4.34782580e-02, 8.06636140e-02 ]
