%YAML:1.0
# BOW
Bow_descriptor: !!opencv-matrix
   rows: 1
   cols: 15
   dt: f
   data: [ 5.20532131e-02, 1.14517063e-01, 8.73337239e-02,
       7.51879737e-02, 7.51879737e-02, 4.97397333e-02, 9.08039361e-02,
       4.16425690e-02, 5.78369014e-02, 6.70908093e-02, 8.32851380e-02,
       5.49450554e-02, 2.66049746e-02, 3.06535587e-02, 9.31174085e-02 ]
