%YAML:1.0
# BOW
Bow_descriptor: !!opencv-matrix
   rows: 1
   cols: 15
   dt: f
   data: [ 1.18721455e-01, 1.17579907e-01, 7.64840171e-02,
       4.10958901e-02, 5.02283089e-02, 4.33789939e-02, 6.84931502e-02,
       6.39269352e-02, 4.10958901e-02, 6.62100464e-02, 7.64840171e-02,
       5.93607277e-02, 4.22374420e-02, 5.59360720e-02, 7.87671208e-02 ]
