%YAML:1.0
# BOW
Bow_descriptor: !!opencv-matrix
   rows: 1
   cols: 15
   dt: f
   data: [ 4.41988930e-02, 1.63378060e-01, 8.99763182e-02,
       1.04183108e-01, 7.10339397e-02, 4.73559573e-02, 8.44514593e-02,
       3.07813734e-02, 3.94632965e-02, 4.57774252e-02, 9.47119147e-02,
       3.39384377e-02, 1.73638519e-02, 2.13101804e-02, 1.12075768e-01 ]
