%YAML:1.0
# BOW
Bow_descriptor: !!opencv-matrix
   rows: 1
   cols: 15
   dt: f
   data: [ 1.87429171e-02, 1.26492888e-01, 9.07505825e-02,
       9.00531784e-02, 7.89817795e-02, 4.62906435e-02, 8.68276507e-02,
       3.42603065e-02, 5.66646308e-02, 4.28035893e-02, 9.20582339e-02,
       4.66393493e-02, 4.68137041e-02, 3.89678292e-02, 1.03652686e-01 ]
