%YAML:1.0
# BOW
Bow_descriptor: !!opencv-matrix
   rows: 1
   cols: 15
   dt: f
   data: [ 5.42137735e-02, 1.34378210e-01, 9.01850015e-02,
       7.91366920e-02, 6.65467680e-02, 3.31449136e-02, 9.09558088e-02,
       5.44707105e-02, 5.85817099e-02, 3.21171656e-02, 8.76156241e-02,
       4.26515937e-02, 4.00822200e-02, 4.11099717e-02, 9.48098674e-02 ]
