%YAML:1.0
# BOW
Bow_descriptor: !!opencv-matrix
   rows: 1
   cols: 15
   dt: f
   data: [ 1.15523472e-01, 6.13718443e-02, 5.92057779e-02,
       3.89891714e-02, 4.76534292e-02, 4.83754538e-02, 3.53790633e-02,
       1.36462092e-01, 6.35379106e-02, 6.06498197e-02, 3.82671505e-02,
       5.27075827e-02, 8.15884471e-02, 9.74729285e-02, 6.28158897e-02 ]
