%YAML:1.0
# BOW
Bow_descriptor: !!opencv-matrix
   rows: 1
   cols: 15
   dt: f
   data: [ 9.60548893e-02, 5.14579751e-03, 1.18353345e-01,
       1.20068612e-02, 9.43396240e-02, 2.91595198e-02, 1.01200692e-01,
       1.56089202e-01, 5.66037744e-02, 2.91595198e-02, 3.94511148e-02,
       2.74442546e-02, 1.18353345e-01, 1.02915958e-01, 1.37221273e-02 ]
