%YAML:1.0
# BOW
Bow_descriptor: !!opencv-matrix
   rows: 1
   cols: 15
   dt: f
   data: [ 1.04595885e-01, 4.27892245e-02, 9.66719538e-02,
       3.48652937e-02, 7.29001611e-02, 6.65610135e-02, 1.17274173e-01,
       8.39936659e-02, 4.59587984e-02, 4.59587984e-02, 4.27892245e-02,
       6.49762303e-02, 5.22979423e-02, 6.65610135e-02, 6.18066564e-02 ]
