%YAML:1.0
# BOW
Bow_descriptor: !!opencv-matrix
   rows: 1
   cols: 15
   dt: f
   data: [ 8.88697207e-02, 1.24245040e-01, 7.42019042e-02,
       7.42019042e-02, 3.71009521e-02, 6.03968948e-02, 5.95340841e-02,
       6.98878393e-02, 6.21225201e-02, 5.60828336e-02, 6.81622103e-02,
       6.21225201e-02, 3.36496979e-02, 5.17687686e-02, 7.76531547e-02 ]
