%YAML:1.0
# BOW
Bow_descriptor: !!opencv-matrix
   rows: 1
   cols: 15
   dt: f
   data: [ 1.07279688e-01, 4.40613031e-02, 7.85440579e-02,
       2.29885057e-02, 9.38697308e-02, 2.29885057e-02, 1.07279688e-01,
       1.03448272e-01, 4.98084277e-02, 3.63984667e-02, 4.02298830e-02,
       5.93869723e-02, 1.05363980e-01, 8.81226063e-02, 4.02298830e-02 ]
