%YAML:1.0
# BOW
Bow_descriptor: !!opencv-matrix
   rows: 1
   cols: 15
   dt: f
   data: [ 4.18875962e-02, 1.19300112e-01, 8.74867514e-02,
       7.79427364e-02, 8.53658617e-02, 2.54506916e-02, 7.21102878e-02,
       4.71898206e-02, 8.21845233e-02, 3.18133645e-02, 6.83987290e-02,
       7.74125159e-02, 4.66596000e-02, 4.18875962e-02, 9.49098691e-02 ]
