%YAML:1.0
# BOW
Bow_descriptor: !!opencv-matrix
   rows: 1
   cols: 15
   dt: f
   data: [ 3.91363017e-02, 9.51416939e-02, 9.98650417e-02,
       5.93792163e-02, 8.60323831e-02, 6.98380545e-02, 1.12010792e-01,
       2.96896081e-02, 4.14979756e-02, 7.15249628e-02, 8.87314379e-02,
       3.34008075e-02, 3.10391355e-02, 3.64372469e-02, 1.06275298e-01 ]
