%YAML:1.0
# BOW
Bow_descriptor: !!opencv-matrix
   rows: 1
   cols: 15
   dt: f
   data: [ 7.08955228e-02, 1.07276119e-01, 6.76305965e-02,
       5.50373122e-02, 6.11007437e-02, 5.31716421e-02, 6.29664138e-02,
       7.50932842e-02, 5.87686561e-02, 4.19776104e-02, 6.11007437e-02,
       5.87686561e-02, 7.04291016e-02, 6.20335825e-02, 9.37500000e-02 ]
