%YAML:1.0
# BOW
Bow_descriptor: !!opencv-matrix
   rows: 1
   cols: 15
   dt: f
   data: [ 4.19745781e-02, 8.89742821e-02, 8.63139182e-02,
       7.83328414e-02, 9.96157229e-02, 3.10375392e-02, 9.16346386e-02,
       6.56222254e-02, 7.12385401e-02, 2.95595620e-02, 6.62134141e-02,
       6.56222254e-02, 5.61631657e-02, 4.72952984e-02, 8.04020092e-02 ]
