%YAML:1.0
# BOW
Bow_descriptor: !!opencv-matrix
   rows: 1
   cols: 15
   dt: f
   data: [ 6.75172806e-02, 6.11376911e-02, 8.29346105e-02,
       7.76182860e-02, 6.96438029e-02, 4.30621989e-02, 6.96438029e-02,
       9.83519405e-02, 9.09090862e-02, 3.61509845e-02, 5.74162677e-02,
       7.38968626e-02, 6.11376911e-02, 5.90111651e-02, 5.15683144e-02 ]
