%YAML:1.0
# BOW
Bow_descriptor: !!opencv-matrix
   rows: 1
   cols: 15
   dt: f
   data: [ 7.45098069e-02, 8.75817016e-02, 7.18954280e-02,
       4.05228771e-02, 7.18954280e-02, 4.96732034e-02, 1.08496733e-01,
       7.84313753e-02, 6.14379086e-02, 4.70588244e-02, 6.79738596e-02,
       3.13725509e-02, 6.27451017e-02, 6.40522912e-02, 8.23529437e-02 ]
