%YAML:1.0
# BOW
Bow_descriptor: !!opencv-matrix
   rows: 1
   cols: 15
   dt: f
   data: [ 5.38461544e-02, 8.71794894e-02, 8.97435918e-02,
       6.53846189e-02, 7.56410286e-02, 3.84615399e-02, 7.82051310e-02,
       9.10256431e-02, 7.69230798e-02, 3.46153863e-02, 6.53846189e-02,
       7.05128238e-02, 6.02564104e-02, 4.74358983e-02, 6.53846189e-02 ]
