%YAML:1.0
# BOW
Bow_descriptor: !!opencv-matrix
   rows: 1
   cols: 15
   dt: f
   data: [ 3.16804424e-02, 1.12947658e-01, 8.67768601e-02,
       7.02479333e-02, 8.95316824e-02, 6.88705221e-02, 6.19834736e-02,
       6.74931109e-02, 6.06060624e-02, 6.74931109e-02, 8.12672153e-02,
       3.85674946e-02, 3.03030312e-02, 2.20385678e-02, 1.10192835e-01 ]
