%YAML:1.0
# BOW
Bow_descriptor: !!opencv-matrix
   rows: 1
   cols: 15
   dt: f
   data: [ 3.69799696e-02, 6.93374425e-02, 6.62557781e-02,
       6.31741136e-02, 4.16024663e-02, 9.09090936e-02, 5.54699562e-02,
       5.08474596e-02, 6.47149459e-02, 9.55315903e-02, 8.01232681e-02,
       6.00924529e-02, 8.16641003e-02, 8.16641003e-02, 6.16332851e-02 ]
