%YAML:1.0
# BOW
Bow_descriptor: !!opencv-matrix
   rows: 1
   cols: 15
   dt: f
   data: [ 1.23456791e-02, 6.97530881e-02, 7.03703761e-02,
       8.33333358e-02, 6.48148209e-02, 7.28395060e-02, 6.48148209e-02,
       3.14814821e-02, 3.14814821e-02, 5.74074090e-02, 1.00000001e-01,
       2.53086425e-02, 1.13580249e-01, 1.09259263e-01, 9.32098776e-02 ]
