%YAML:1.0
# BOW
Bow_descriptor: !!opencv-matrix
   rows: 1
   cols: 15
   dt: f
   data: [ 5.41353375e-02, 9.47368443e-02, 7.81954899e-02,
       9.62406024e-02, 7.36842081e-02, 6.91729337e-02, 7.06766918e-02,
       2.70676687e-02, 5.71428575e-02, 5.11278212e-02, 1.00751884e-01,
       4.51127812e-02, 4.36090231e-02, 3.00751887e-02, 1.08270675e-01 ]
