%YAML:1.0
# BOW
Bow_descriptor: !!opencv-matrix
   rows: 1
   cols: 15
   dt: f
   data: [ 9.63364989e-02, 4.74898256e-02, 6.78426027e-02,
       4.20624167e-02, 7.46268705e-02, 7.05563128e-02, 7.19131604e-02,
       5.97014949e-02, 6.10583462e-02, 5.83446398e-02, 4.47761193e-02,
       8.00542757e-02, 1.04477614e-01, 5.69877885e-02, 6.37720525e-02 ]
