%YAML:1.0
# BOW
Bow_descriptor: !!opencv-matrix
   rows: 1
   cols: 15
   dt: f
   data: [ 1.01265825e-01, 4.30379733e-02, 9.11392421e-02,
       3.29113938e-02, 1.41772151e-01, 6.83544278e-02, 6.83544278e-02,
       1.13924049e-01, 7.59493709e-02, 3.79746854e-02, 5.06329127e-02,
       4.55696210e-02, 3.54430377e-02, 2.53164563e-02, 6.83544278e-02 ]
