%YAML:1.0
# BOW
Bow_descriptor: !!opencv-matrix
   rows: 1
   cols: 15
   dt: f
   data: [ 2.51308903e-02, 1.10994764e-01, 7.43455514e-02,
       9.84293222e-02, 6.59685880e-02, 1.04712039e-01, 3.56020927e-02,
       4.50261794e-02, 6.80628270e-02, 7.01570660e-02, 7.64397904e-02,
       6.49214685e-02, 3.66492160e-02, 1.46596860e-02, 1.08900525e-01 ]
