%YAML:1.0
# BOW
Bow_descriptor: !!opencv-matrix
   rows: 1
   cols: 15
   dt: f
   data: [ 9.60451961e-02, 7.90960491e-02, 7.62711838e-02,
       8.19209069e-02, 4.80225980e-02, 7.76836127e-02, 4.23728824e-02,
       5.64971752e-02, 5.50847463e-02, 6.77966103e-02, 1.07344635e-01,
       5.79096042e-02, 5.22598885e-02, 3.81355919e-02, 6.35593235e-02 ]
