%YAML:1.0
# BOW
Bow_descriptor: !!opencv-matrix
   rows: 1
   cols: 15
   dt: f
   data: [ 5.59875593e-02, 6.68740273e-02, 6.68740273e-02,
       4.66562994e-02, 1.04199067e-01, 6.37636110e-02, 4.82115075e-02,
       7.77605027e-02, 4.51010913e-02, 6.68740273e-02, 6.68740273e-02,
       7.15396553e-02, 9.33125988e-02, 5.75427711e-02, 6.84292391e-02 ]
