%YAML:1.0
# BOW
Bow_descriptor: !!opencv-matrix
   rows: 1
   cols: 15
   dt: f
   data: [ 6.23742417e-02, 7.84708187e-02, 1.00603618e-01,
       7.04225302e-02, 7.04225302e-02, 3.82293761e-02, 7.84708187e-02,
       3.42052318e-02, 6.84104636e-02, 4.02414463e-02, 9.25553292e-02,
       4.02414463e-02, 6.23742417e-02, 7.04225302e-02, 9.25553292e-02 ]
