%YAML:1.0
# BOW
Bow_descriptor: !!opencv-matrix
   rows: 1
   cols: 15
   dt: f
   data: [ 3.32031250e-02, 8.78906250e-02, 8.88671875e-02,
       7.61718750e-02, 6.64062500e-02, 5.85937500e-02, 6.34765625e-02,
       5.37109375e-02, 5.66406250e-02, 5.95703125e-02, 8.98437500e-02,
       4.78515625e-02, 7.12890625e-02, 5.37109375e-02, 9.27734375e-02 ]
