%YAML:1.0
# BOW
Bow_descriptor: !!opencv-matrix
   rows: 1
   cols: 15
   dt: f
   data: [ 5.80762252e-02, 1.34301275e-01, 5.26315793e-02,
       6.17059879e-02, 6.35208711e-02, 9.25589874e-02, 3.62976417e-02,
       8.52994546e-02, 6.53357506e-02, 6.71506375e-02, 6.89655170e-02,
       7.62250423e-02, 2.54083481e-02, 1.63339376e-02, 9.61887464e-02 ]
