%YAML:1.0
# BOW
Bow_descriptor: !!opencv-matrix
   rows: 1
   cols: 15
   dt: f
   data: [ 2.51162797e-02, 1.06976748e-01, 8.46511647e-02,
       7.81395361e-02, 1.04186051e-01, 8.37209299e-02, 5.11627905e-02,
       3.90697680e-02, 3.99999991e-02, 6.88372105e-02, 7.06976727e-02,
       3.44186053e-02, 4.93023284e-02, 4.46511656e-02, 1.19069770e-01 ]
