%YAML:1.0
# BOW
Bow_descriptor: !!opencv-matrix
   rows: 1
   cols: 15
   dt: f
   data: [ 9.62800905e-02, 8.75273496e-02, 7.00218827e-02,
       7.65864328e-02, 7.00218827e-02, 8.97155404e-02, 6.56455159e-02,
       4.37636748e-02, 5.68927787e-02, 5.90809621e-02, 5.03282286e-02,
       7.43982494e-02, 3.71991247e-02, 4.81400453e-02, 7.43982494e-02 ]
