%YAML:1.0
# BOW
Bow_descriptor: !!opencv-matrix
   rows: 1
   cols: 15
   dt: f
   data: [ 2.96495948e-02, 1.30053908e-01, 7.00808614e-02,
       1.11859836e-01, 6.73854426e-02, 4.91913743e-02, 5.45822084e-02,
       4.71698120e-02, 6.46900237e-02, 4.85175177e-02, 7.07547143e-02,
       1.02425873e-01, 4.04312648e-02, 1.48247974e-02, 9.83827487e-02 ]
