%YAML:1.0
# BOW
Bow_descriptor: !!opencv-matrix
   rows: 1
   cols: 15
   dt: f
   data: [ 3.96432132e-02, 1.05054513e-01, 7.53221065e-02,
       7.53221065e-02, 7.23488629e-02, 6.73934594e-02, 5.45094162e-02,
       5.64915761e-02, 6.24380596e-02, 4.26164530e-02, 8.72150660e-02,
       8.82061496e-02, 4.75718528e-02, 3.96432132e-02, 8.62239897e-02 ]
