%YAML:1.0
# BOW
Bow_descriptor: !!opencv-matrix
   rows: 1
   cols: 15
   dt: f
   data: [ 1.42247509e-03, 1.36557609e-01, 8.67709816e-02,
       9.81507823e-02, 1.05263159e-01, 5.97439557e-02, 7.82361329e-02,
       1.56472251e-02, 4.69416790e-02, 2.84495018e-02, 9.38833579e-02,
       2.41820775e-02, 5.54765277e-02, 3.98293026e-02, 1.29445240e-01 ]
