%YAML:1.0
# BOW
Bow_descriptor: !!opencv-matrix
   rows: 1
   cols: 15
   dt: f
   data: [ 3.06406673e-02, 1.39275759e-01, 7.52089098e-02,
       1.30919218e-01, 2.50696372e-02, 6.12813346e-02, 3.34261842e-02,
       6.12813346e-02, 3.34261842e-02, 6.68523684e-02, 1.42061278e-01,
       4.17827293e-02, 1.94986071e-02, 8.35654605e-03, 1.30919218e-01 ]
