%YAML:1.0
# BOW
Bow_descriptor: !!opencv-matrix
   rows: 1
   cols: 15
   dt: f
   data: [ 8.58034343e-02, 4.36817482e-02, 5.46021834e-02,
       5.77223077e-02, 8.58034343e-02, 6.24024943e-02, 4.99219969e-02,
       1.40405610e-01, 7.33229294e-02, 5.77223077e-02, 5.77223077e-02,
       6.24024943e-02, 5.92823699e-02, 6.24024943e-02, 4.68018726e-02 ]
