%YAML:1.0
# BOW
Bow_descriptor: !!opencv-matrix
   rows: 1
   cols: 15
   dt: f
   data: [ 9.91957113e-02, 1.09919578e-01, 9.24933031e-02,
       7.77479932e-02, 5.63002713e-02, 6.30026832e-02, 6.56836480e-02,
       5.22788204e-02, 4.15549614e-02, 5.09383380e-02, 6.43431693e-02,
       5.09383380e-02, 5.09383380e-02, 3.35120670e-02, 9.11528170e-02 ]
