%YAML:1.0
# BOW
Bow_descriptor: !!opencv-matrix
   rows: 1
   cols: 15
   dt: f
   data: [ 6.72897249e-02, 1.00934580e-01, 5.79439253e-02,
       6.72897249e-02, 5.98130859e-02, 2.61682253e-02, 7.66355172e-02,
       1.27102807e-01, 7.10280389e-02, 1.49532715e-02, 5.04672900e-02,
       7.28971958e-02, 5.60747683e-02, 8.22429955e-02, 6.91588819e-02 ]
