%YAML:1.0
# BOW
Bow_descriptor: !!opencv-matrix
   rows: 1
   cols: 15
   dt: f
   data: [ 8.46153870e-02, 1.53846160e-01, 4.61538471e-02,
       3.84615399e-02, 3.07692308e-02, 2.30769236e-02, 9.23076943e-02,
       1.53846160e-01, 1.07692309e-01, 0., 5.38461544e-02,
       9.23076943e-02, 4.61538471e-02, 7.69230770e-03, 6.92307726e-02 ]
