%YAML:1.0
# BOW
Bow_descriptor: !!opencv-matrix
   rows: 1
   cols: 15
   dt: f
   data: [ 1.81086510e-02, 1.09657943e-01, 9.65794772e-02,
       7.64587522e-02, 9.95975807e-02, 4.82897386e-02, 7.44466782e-02,
       3.92354093e-02, 5.83500974e-02, 4.82897386e-02, 9.25553292e-02,
       4.32595573e-02, 5.83500974e-02, 3.82293761e-02, 9.85915437e-02 ]
