%YAML:1.0
# BOW
Bow_descriptor: !!opencv-matrix
   rows: 1
   cols: 15
   dt: f
   data: [ 7.46268705e-02, 7.06467703e-02, 8.95522460e-02,
       5.87064698e-02, 8.35820958e-02, 6.66666701e-02, 6.66666701e-02,
       6.86567202e-02, 4.37810980e-02, 6.66666701e-02, 5.97014949e-02,
       4.97512445e-02, 6.96517453e-02, 5.27363196e-02, 7.86069706e-02 ]
