%YAML:1.0
# BOW
Bow_descriptor: !!opencv-matrix
   rows: 1
   cols: 15
   dt: f
   data: [ 5.59440553e-02, 8.62470865e-02, 8.85780901e-02,
       6.75990656e-02, 5.12820520e-02, 6.75990656e-02, 6.75990656e-02,
       3.03030312e-02, 3.49650346e-02, 9.79020968e-02, 9.32400972e-02,
       4.19580415e-02, 5.59440553e-02, 9.55711007e-02, 6.52680695e-02 ]
