%YAML:1.0
# BOW
Bow_descriptor: !!opencv-matrix
   rows: 1
   cols: 15
   dt: f
   data: [ 8.53658468e-02, 7.31707290e-02, 8.23170692e-02,
       4.26829234e-02, 6.40243888e-02, 5.48780486e-02, 8.53658468e-02,
       8.23170692e-02, 7.62195066e-02, 2.43902430e-02, 5.48780486e-02,
       7.92682916e-02, 8.84146318e-02, 4.57317047e-02, 6.09756075e-02 ]
