%YAML:1.0
# BOW
Bow_descriptor: !!opencv-matrix
   rows: 1
   cols: 15
   dt: f
   data: [ 6.99300738e-03, 1.38461545e-01, 7.83216804e-02,
       1.24475531e-01, 7.48251751e-02, 4.33566459e-02, 7.13286772e-02,
       2.30769236e-02, 4.75524478e-02, 4.82517518e-02, 9.51048955e-02,
       6.22377656e-02, 3.98601405e-02, 2.93706302e-02, 1.16783224e-01 ]
