%YAML:1.0
# BOW
Bow_descriptor: !!opencv-matrix
   rows: 1
   cols: 15
   dt: f
   data: [ 6.66666701e-02, 6.16666675e-02, 6.66666701e-02,
       5.33333346e-02, 7.00000003e-02, 4.83333357e-02, 8.66666660e-02,
       1.08333334e-01, 6.83333352e-02, 5.49999997e-02, 5.00000007e-02,
       6.00000024e-02, 7.33333379e-02, 8.16666707e-02, 5.00000007e-02 ]
