%YAML:1.0
# BOW
Bow_descriptor: !!opencv-matrix
   rows: 1
   cols: 15
   dt: f
   data: [ 1.10144928e-01, 6.08695671e-02, 7.82608688e-02,
       2.60869581e-02, 7.24637732e-02, 3.47826108e-02, 8.40579718e-02,
       1.01449281e-01, 9.56521779e-02, 1.73913054e-02, 4.92753647e-02,
       1.10144928e-01, 4.63768132e-02, 7.24637732e-02, 4.05797102e-02 ]
