%YAML:1.0
# SIFT
keypoints: [ 2.0531623840332031e+02, 7.3236984252929688e+01,
    1.6138619995117188e+02, -1.7392579650878906e+02, 0., 3, 0,
    1.3962007141113281e+02, 1.5713723754882812e+02,
    1.5270463562011719e+02, -3.7358928680419922e+01, 0., 3, 0,
    1.3962007141113281e+02, 1.5713723754882812e+02,
    1.5270463562011719e+02, 8.0292686462402344e+01, 0., 3, 0,
    2.6794100952148438e+02, 1.5147390747070312e+02,
    1.4270358276367188e+02, 7.3581230163574219e+01, 0., 3, 0,
    1.7696711730957031e+02, 1.6876962280273438e+02,
    1.3746609497070312e+02, -3.7634971618652344e+01, 0., 3, 0,
    1.7696711730957031e+02, 1.6876962280273438e+02,
    1.3746609497070312e+02, 1.7498484802246094e+02, 0., 3, 0,
    1.7588757324218750e+02, 6.1348999023437500e+01,
    9.6493942260742188e+01, -1.7638829040527344e+02, 0., 3, 0,
    1.7588757324218750e+02, 6.1348999023437500e+01,
    9.6493942260742188e+01, -5.8289863586425781e+01, 0., 3, 0,
    1.2412915802001953e+02, 5.3374111175537109e+01,
    6.5307792663574219e+01, -1.2189240264892578e+02, 0., 2, 0,
    1.8261645507812500e+02, 1.2067086029052734e+02,
    5.8932079315185547e+01, 1.7484330749511719e+02, 0., 2, 0,
    1.4707896423339844e+02, 1.2206175231933594e+02,
    5.7935005187988281e+01, 7.3625976562500000e+01, 0., 2, 0,
    1.4707896423339844e+02, 1.2206175231933594e+02,
    5.7935005187988281e+01, 1.4666125488281250e+02, 0., 2, 0,
    1.9638540649414062e+02, 1.6233636474609375e+02,
    5.6970863342285156e+01, -1.6157649230957031e+02, 0., 2, 0,
    1.3618444824218750e+02, 1.0156758117675781e+02,
    5.6772029876708984e+01, 1.5552816772460938e+02, 0., 2, 0,
    1.1890586090087891e+02, 1.9202049255371094e+02,
    5.4262531280517578e+01, -1.5209838867187500e+02, 0., 2, 0,
    1.6560134887695312e+02, 1.1630300140380859e+02,
    5.3787464141845703e+01, 1.3450503540039062e+02, 0., 2, 0,
    1.8026757812500000e+02, 9.4416786193847656e+01,
    5.0741436004638672e+01, -1.7888893127441406e+02, 0., 2, 0,
    1.2026412200927734e+02, 1.0836522674560547e+02,
    5.0325916290283203e+01, 2.8742721557617188e+01, 0., 2, 0,
    1.9251586914062500e+02, 1.2862181091308594e+02,
    4.9311801910400391e+01, 1.7063830566406250e+02, 0., 2, 0,
    1.2360952758789062e+02, 1.2172806549072266e+02,
    4.8371589660644531e+01, 2.0152065277099609e+01, 0., 2, 0,
    1.2360952758789062e+02, 1.2172806549072266e+02,
    4.8371589660644531e+01, 1.0352338409423828e+02, 0., 2, 0,
    9.9072677612304688e+01, 1.0805655670166016e+02,
    3.9653511047363281e+01, 6.1841440200805664e+00, 0., 1, 0,
    1.2843234252929688e+02, 1.6798550415039062e+02,
    3.9128734588623047e+01, -1.2616496276855469e+02, 0., 1, 0,
    1.1261602020263672e+02, 1.1830773162841797e+02,
    3.8158046722412109e+01, 1.7926710128784180e+01, 0., 1, 0,
    9.5809341430664062e+01, 4.9406494140625000e+01,
    3.7956459045410156e+01, 4.2757687568664551e+00, 0., 1, 0,
    1.5245732116699219e+02, 1.0667500305175781e+02,
    3.7164352416992188e+01, -6.8236190795898438e+01, 0., 1, 0,
    1.7382522583007812e+02, 7.1169357299804688e+01,
    3.7143283843994141e+01, 1.0265879821777344e+02, 0., 1, 0,
    6.9616828918457031e+01, 1.8530223083496094e+02,
    3.4574390411376953e+01, -1.1835917663574219e+02, 0., 1, 0,
    6.9616828918457031e+01, 1.8530223083496094e+02,
    3.4574390411376953e+01, -4.1156196594238281e+00, 0., 1, 0,
    1.8402436828613281e+02, 1.1718170166015625e+02,
    3.3744445800781250e+01, -1.7173007202148438e+02, 0., 1, 0,
    1.9174311828613281e+02, 1.1707769775390625e+02,
    3.2319923400878906e+01, -1.6864178466796875e+02, 0., 1, 0,
    1.4923118591308594e+02, 9.9024620056152344e+01,
    3.0348880767822266e+01, -6.5272666931152344e+01, 0., 1, 0,
    1.6261064147949219e+02, 1.6053572082519531e+02,
    2.8868288040161133e+01, -3.3959339141845703e+01, 0., 1, 0,
    8.0483627319335938e+01, 1.5718444824218750e+02,
    2.8351608276367188e+01, -6.3942092895507812e+01, 0., 1, 0,
    1.3262437438964844e+02, 1.3380026245117188e+02,
    2.7673158645629883e+01, -8.9561027526855469e+01, 0., 1, 0,
    1.3262437438964844e+02, 1.3380026245117188e+02,
    2.7673158645629883e+01, 8.5125556945800781e+01, 0., 1, 0,
    1.5145620727539062e+02, 1.6711968994140625e+02,
    2.6136249542236328e+01, -4.4918922424316406e+01, 0., 1, 0,
    1.2358570861816406e+02, 9.7536132812500000e+01,
    2.5986825942993164e+01, -1.0115135192871094e+02, 0., 1, 0,
    1.0452236175537109e+02, 9.3778236389160156e+01,
    2.5953184127807617e+01, -1.4288053512573242e+01, 0., 1, 0,
    1.7398472595214844e+02, 8.5261108398437500e+01,
    2.5839914321899414e+01, -9.9414070129394531e+01, 0., 1, 0,
    9.8906692504882812e+01, 7.2011573791503906e+01,
    2.5304216384887695e+01, 1.2087659835815430e+00, 0., 1, 0,
    1.6770863342285156e+02, 1.4939224243164062e+02,
    2.5249202728271484e+01, -6.8313262939453125e+01, 0., 1, 0,
    1.6402046203613281e+02, 1.0147849273681641e+02,
    2.4925687789916992e+01, -6.7756370544433594e+01, 0., 1, 0,
    1.5206385803222656e+02, 1.2299189758300781e+02,
    2.4345771789550781e+01, 1.1016511535644531e+02, 0., 1, 0,
    1.5206385803222656e+02, 1.2299189758300781e+02,
    2.4345771789550781e+01, 1.7387170410156250e+02, 0., 1, 0,
    1.8424397277832031e+02, 5.9066360473632812e+01,
    2.4270317077636719e+01, -1.7342587280273438e+02, 0., 1, 0,
    1.8424397277832031e+02, 5.9066360473632812e+01,
    2.4270317077636719e+01, 1.6531593322753906e+02, 0., 1, 0,
    1.1490993499755859e+02, 1.1971880340576172e+02,
    2.3757921218872070e+01, 1.2542675971984863e+01, 0., 1, 0,
    1.7360330200195312e+02, 9.5325141906738281e+01,
    2.3552549362182617e+01, 8.8207641601562500e+01, 0., 1, 0,
    1.8890147399902344e+02, 7.2389228820800781e+01,
    2.3427997589111328e+01, 1.7263081359863281e+02, 0., 1, 0,
    1.8505847167968750e+02, 1.8428274536132812e+02,
    2.3336627960205078e+01, 1.0044536590576172e+02, 0., 1, 0,
    1.8226243591308594e+02, 1.8506362915039062e+02,
    2.3020860671997070e+01, 1.0030663299560547e+02, 0., 1, 0,
    1.7379275512695312e+02, 1.0085997772216797e+02,
    2.2930124282836914e+01, 8.9372100830078125e+01, 0., 1, 0,
    1.8586685180664062e+02, 7.8923683166503906e+01,
    2.2916339874267578e+01, 1.6709733581542969e+02, 0., 1, 0,
    1.7392942810058594e+02, 1.3393096923828125e+02,
    2.2863231658935547e+01, 1.2921287536621094e+02, 0., 1, 0,
    1.9009205627441406e+02, 1.9747343444824219e+02,
    2.2331050872802734e+01, 1.7160255432128906e+02, 0., 1, 0,
    5.7683551788330078e+01, 1.8585368347167969e+02,
    2.2328823089599609e+01, -6.8091369628906250e+01, 0., 1, 0,
    5.7683551788330078e+01, 1.8585368347167969e+02,
    2.2328823089599609e+01, 6.3576065063476562e+01, 0., 1, 0,
    1.6498236083984375e+02, 7.8672546386718750e+01,
    2.2316982269287109e+01, -1.4882518005371094e+02, 0., 1, 0,
    1.4706550598144531e+02, 1.0182286071777344e+02,
    2.1260839462280273e+01, 1.6023149108886719e+02, 0., 0, 0,
    1.0236772155761719e+02, 7.8521087646484375e+01,
    2.1260158538818359e+01, 8.8872070312500000e+00, 0., 0, 0,
    1.2329757690429688e+02, 1.0738824462890625e+02,
    2.0661743164062500e+01, 1.7932553100585938e+02, 0., 0, 0,
    1.2329757690429688e+02, 1.0738824462890625e+02,
    2.0661743164062500e+01, -1.4101048278808594e+02, 0., 0, 0,
    1.2329757690429688e+02, 1.0738824462890625e+02,
    2.0661743164062500e+01, -1.0429075622558594e+02, 0., 0, 0,
    1.1341769409179688e+02, 9.1423545837402344e+01,
    2.0565807342529297e+01, 1.0414904022216797e+02, 0., 0, 0,
    1.7226629638671875e+02, 7.8356407165527344e+01,
    2.0231452941894531e+01, 8.2599250793457031e+01, 0., 0, 0,
    1.6144731140136719e+02, 1.1586696624755859e+02,
    2.0009769439697266e+01, 1.2399975585937500e+02, 0., 0, 0,
    1.8710977172851562e+02, 5.2634815216064453e+01,
    1.9788713455200195e+01, -1.7468478393554688e+02, 0., 0, 0,
    5.8653171539306641e+01, 1.9117176818847656e+02,
    1.9719831466674805e+01, -7.5261604309082031e+01, 0., 0, 0,
    1.7916905212402344e+02, 1.0902301025390625e+02,
