%YAML:1.0
# BOW
Bow_descriptor: !!opencv-matrix
   rows: 1
   cols: 15
   dt: f
   data: [ 2.35109720e-02, 1.67711601e-01, 2.03761756e-02,
       1.64576799e-01, 3.44827585e-02, 1.34796232e-01, 4.70219413e-03,
       6.42633215e-02, 2.82131657e-02, 5.95611259e-02, 1.30094036e-01,
       2.03761756e-02, 2.03761756e-02, 4.54545431e-02, 8.15047026e-02 ]
