%YAML:1.0
# BOW
Bow_descriptor: !!opencv-matrix
   rows: 1
   cols: 15
   dt: f
   data: [ 1.28700128e-02, 2.34234244e-01, 2.44530253e-02,
       2.05920205e-01, 1.15830116e-02, 6.82110712e-02, 7.72200804e-03,
       1.80180185e-02, 3.34620327e-02, 1.05534106e-01, 1.33848131e-01,
       1.28700128e-02, 1.80180185e-02, 1.80180185e-02, 9.52380970e-02 ]
