%YAML:1.0
# BOW
Bow_descriptor: !!opencv-matrix
   rows: 1
   cols: 15
   dt: f
   data: [ 4.65838537e-02, 1.33540377e-01, 2.17391308e-02,
       6.52173907e-02, 1.24223605e-02, 1.18012428e-01, 3.72670814e-02,
       1.02484472e-01, 2.17391308e-02, 1.45962730e-01, 7.45341629e-02,
       4.65838537e-02, 6.52173907e-02, 4.34782617e-02, 6.52173907e-02 ]
