%YAML:1.0
# BOW
Bow_descriptor: !!opencv-matrix
   rows: 1
   cols: 15
   dt: f
   data: [ 3.22580636e-02, 1.09677419e-01, 3.65591422e-02,
       8.81720483e-02, 2.79569905e-02, 6.45161271e-02, 2.15053763e-02,
       6.45161271e-02, 5.37634417e-02, 1.37634411e-01, 7.31182843e-02,
       5.16129062e-02, 4.73118275e-02, 1.24731183e-01, 6.66666701e-02 ]
