%YAML:1.0
# BOW
Bow_descriptor: !!opencv-matrix
   rows: 1
   cols: 15
   dt: f
   data: [ 4.57516350e-02, 1.07189544e-01, 5.75163402e-02,
       7.18954280e-02, 6.66666701e-02, 1.07189544e-01, 3.52941193e-02,
       7.84313753e-02, 8.10457543e-02, 8.23529437e-02, 5.49019612e-02,
       9.01960805e-02, 2.87581701e-02, 3.00653595e-02, 6.27451017e-02 ]
