%YAML:1.0
# BOW
Bow_descriptor: !!opencv-matrix
   rows: 1
   cols: 15
   dt: f
   data: [ 6.08272515e-02, 1.04622871e-01, 4.37956192e-02,
       4.37956192e-02, 1.21654496e-02, 1.19221412e-01, 1.94647200e-02,
       2.91970801e-02, 2.43308991e-02, 3.06569338e-01, 2.91970801e-02,
       4.37956192e-02, 4.13625315e-02, 7.05596134e-02, 5.10948896e-02 ]
