%YAML:1.0
# BOW
Bow_descriptor: !!opencv-matrix
   rows: 1
   cols: 15
   dt: f
   data: [ 2.97176819e-02, 9.65824649e-02, 5.20059429e-02,
       1.11441307e-01, 5.20059429e-02, 1.27786025e-01, 5.49777113e-02,
       4.45765220e-02, 3.41753326e-02, 1.06983654e-01, 9.21248123e-02,
       2.67459136e-02, 3.56612168e-02, 6.38930127e-02, 7.13224337e-02 ]
