%YAML:1.0
# BOW
Bow_descriptor: !!opencv-matrix
   rows: 1
   cols: 15
   dt: f
   data: [ 3.92156877e-02, 1.73202619e-01, 2.94117648e-02,
       1.50326803e-01, 1.96078438e-02, 1.14379086e-01, 4.24836613e-02,
       8.49673226e-02, 3.92156877e-02, 1.01307191e-01, 1.63398702e-02,
       3.59477140e-02, 3.59477140e-02, 7.84313753e-02, 3.92156877e-02 ]
