%YAML:1.0
# BOW
Bow_descriptor: !!opencv-matrix
   rows: 1
   cols: 15
   dt: f
   data: [ 8.12720880e-02, 6.89045936e-02, 3.88692580e-02,
       3.88692580e-02, 3.35689038e-02, 1.67844519e-01, 2.12014131e-02,
       9.71731469e-02, 4.77031805e-02, 1.78445235e-01, 4.06360440e-02,
       3.00353356e-02, 8.48056525e-02, 4.41696122e-02, 2.65017673e-02 ]
