%YAML:1.0
# BOW
Bow_descriptor: !!opencv-matrix
   rows: 1
   cols: 15
   dt: f
   data: [ 4.61538471e-02, 7.00854734e-02, 3.41880359e-02,
       7.35042766e-02, 2.22222228e-02, 1.89743593e-01, 2.90598292e-02,
       5.29914536e-02, 5.12820520e-02, 1.94871798e-01, 4.10256423e-02,
       2.56410260e-02, 6.15384616e-02, 4.44444455e-02, 6.32478669e-02 ]
