%YAML:1.0
# BOW
Bow_descriptor: !!opencv-matrix
   rows: 1
   cols: 15
   dt: f
   data: [ 4.31778915e-02, 7.25388601e-02, 4.14507762e-02,
       4.14507762e-02, 1.89982727e-02, 2.10708112e-01, 3.79965454e-02,
       7.25388601e-02, 3.97236608e-02, 1.50259063e-01, 2.93609668e-02,
       5.87219335e-02, 6.04490489e-02, 7.42659792e-02, 4.83592413e-02 ]
