%YAML:1.0
# BOW
Bow_descriptor: !!opencv-matrix
   rows: 1
   cols: 15
   dt: f
   data: [ 4.94880527e-02, 1.10921495e-01, 4.60750833e-02,
       7.67918080e-02, 2.90102381e-02, 1.16040953e-01, 4.26621139e-02,
       4.77815680e-02, 7.50853196e-02, 7.16723502e-02, 5.46075068e-02,
       3.41296904e-02, 6.65528998e-02, 9.21501666e-02, 8.70307162e-02 ]
