%YAML:1.0
# BOW
Bow_descriptor: !!opencv-matrix
   rows: 1
   cols: 15
   dt: f
   data: [ 4.90463227e-02, 4.35967296e-02, 1.08991824e-02,
       1.36239780e-02, 8.17438681e-03, 4.55040872e-01, 1.63487736e-02,
       5.44959120e-02, 2.17983648e-02, 1.52588546e-01, 1.90735683e-02,
       2.72479560e-02, 3.54223438e-02, 1.90735683e-02, 7.35694841e-02 ]
