%YAML:1.0
# BOW
Bow_descriptor: !!opencv-matrix
   rows: 1
   cols: 15
   dt: f
   data: [ 8.07453394e-02, 6.41821921e-02, 4.96894419e-02,
       4.76190485e-02, 4.55486551e-02, 1.59420297e-01, 2.69151144e-02,
       7.24637657e-02, 4.96894419e-02, 9.31677073e-02, 5.38302287e-02,
       8.07453394e-02, 5.59006222e-02, 5.79710156e-02, 6.21118024e-02 ]
