%YAML:1.0
# BOW
Bow_descriptor: !!opencv-matrix
   rows: 1
   cols: 15
   dt: f
   data: [ 5.83717376e-02, 1.18279569e-01, 3.22580636e-02,
       8.29493105e-02, 3.84024568e-02, 9.83102918e-02, 3.99385542e-02,
       8.60215053e-02, 5.99078350e-02, 1.10599078e-01, 5.37634417e-02,
       6.29800335e-02, 4.76190485e-02, 5.99078350e-02, 5.06912433e-02 ]
