%YAML:1.0
# BOW
Bow_descriptor: !!opencv-matrix
   rows: 1
   cols: 15
   dt: f
   data: [ 9.27318260e-02, 6.26566410e-02, 4.01002504e-02,
       3.50877196e-02, 2.25563906e-02, 9.27318260e-02, 3.25814523e-02,
       6.01503775e-02, 4.76190485e-02, 1.97994992e-01, 4.26065177e-02,
       4.26065177e-02, 5.51378429e-02, 1.37844607e-01, 3.75939831e-02 ]
