%YAML:1.0
# BOW
Bow_descriptor: !!opencv-matrix
   rows: 1
   cols: 15
   dt: f
   data: [ 7.89473727e-02, 7.08502010e-02, 2.63157897e-02,
       3.44129577e-02, 4.04858291e-02, 8.09716582e-02, 3.23886648e-02,
       1.57894745e-01, 5.87044545e-02, 9.71659943e-02, 5.06072901e-02,
       7.89473727e-02, 6.68016225e-02, 8.70445371e-02, 3.84615399e-02 ]
