%YAML:1.0
# BOW
Bow_descriptor: !!opencv-matrix
   rows: 1
   cols: 15
   dt: f
   data: [ 7.37386793e-02, 5.04527837e-02, 4.01034951e-02,
       3.88098322e-02, 4.39844765e-02, 1.73350587e-01, 6.08020723e-02,
       6.33893907e-02, 3.10478657e-02, 1.43596381e-01, 4.65717986e-02,
       2.58732215e-02, 7.11513609e-02, 7.37386793e-02, 6.33893907e-02 ]
