%YAML:1.0
# BOW
Bow_descriptor: !!opencv-matrix
   rows: 1
   cols: 15
   dt: f
   data: [ 5.02450988e-02, 1.13970593e-01, 5.02450988e-02,
       8.82352963e-02, 2.20588241e-02, 7.35294148e-02, 2.81862747e-02,
       6.00490235e-02, 3.92156877e-02, 1.23774514e-01, 9.43627506e-02,
       5.02450988e-02, 6.74019605e-02, 7.10784346e-02, 6.74019605e-02 ]
