%YAML:1.0
# BOW
Bow_descriptor: !!opencv-matrix
   rows: 1
   cols: 15
   dt: f
   data: [ 1.55502394e-01, 5.50239198e-02, 5.02392314e-02,
       3.34928222e-02, 4.30621989e-02, 3.11004780e-02, 4.54545431e-02,
       1.31578937e-01, 6.45933002e-02, 4.30621989e-02, 4.78468873e-02,
       5.02392314e-02, 1.02870807e-01, 9.09090862e-02, 5.50239198e-02 ]
