%YAML:1.0
# BOW
Bow_descriptor: !!opencv-matrix
   rows: 1
   cols: 15
   dt: f
   data: [ 8.12324956e-02, 3.08123250e-02, 7.28291348e-02,
       2.52100844e-02, 5.88235296e-02, 1.65266111e-01, 9.80392173e-02,
       1.31652668e-01, 3.64145674e-02, 7.84313753e-02, 1.40056023e-02,
       2.24089641e-02, 8.40336159e-02, 5.32212891e-02, 4.76190485e-02 ]
