%YAML:1.0
# BOW
Bow_descriptor: !!opencv-matrix
   rows: 1
   cols: 15
   dt: f
   data: [ 6.08552620e-02, 7.56578967e-02, 3.61842103e-02,
       4.27631587e-02, 3.94736826e-02, 1.46381587e-01, 3.61842103e-02,
       2.30263155e-02, 2.46710535e-02, 1.95723683e-01, 8.05921033e-02,
       2.63157897e-02, 6.57894760e-02, 7.23684207e-02, 7.40131587e-02 ]
