%YAML:1.0
# BOW
Bow_descriptor: !!opencv-matrix
   rows: 1
   cols: 15
   dt: f
   data: [ 4.14993316e-02, 1.31191432e-01, 3.61445770e-02,
       7.63052180e-02, 7.22891539e-02, 8.70147273e-02, 3.07898261e-02,
       6.69344068e-02, 1.74029451e-02, 8.56760368e-02, 8.83534104e-02,
       2.54350733e-02, 7.63052180e-02, 7.76439086e-02, 8.70147273e-02 ]
