%YAML:1.0
# BOW
Bow_descriptor: !!opencv-matrix
   rows: 1
   cols: 15
   dt: f
   data: [ 3.78440358e-02, 1.38761461e-01, 3.78440358e-02,
       1.11238524e-01, 5.04587144e-02, 7.56880715e-02, 2.52293572e-02,
       3.66972461e-02, 4.24311906e-02, 1.23853207e-01, 9.40366909e-02,
       2.98165120e-02, 4.35779803e-02, 3.89908254e-02, 1.13532104e-01 ]
