%YAML:1.0
# BOW
Bow_descriptor: !!opencv-matrix
   rows: 1
   cols: 15
   dt: f
   data: [ 3.70370373e-02, 9.69498903e-02, 5.33769056e-02,
       1.35076255e-01, 5.55555560e-02, 5.11982553e-02, 4.46623079e-02,
       5.01089320e-02, 6.10021763e-02, 9.58605632e-02, 1.15468405e-01,
       4.24836576e-02, 5.77342026e-02, 5.55555560e-02, 4.79302816e-02 ]
