%YAML:1.0
# BOW
Bow_descriptor: !!opencv-matrix
   rows: 1
   cols: 15
   dt: f
   data: [ 3.48058902e-02, 3.88219543e-02, 2.67737620e-02,
       6.15796521e-02, 2.27576979e-02, 2.43641227e-01, 4.01606411e-02,
       3.61445770e-02, 1.74029451e-02, 2.57028103e-01, 4.55153957e-02,
       1.74029451e-02, 2.94511374e-02, 6.69344068e-02, 6.15796521e-02 ]
