%YAML:1.0
# BOW
Bow_descriptor: !!opencv-matrix
   rows: 1
   cols: 15
   dt: f
   data: [ 4.71869335e-02, 5.26315793e-02, 2.54083481e-02,
       1.45190563e-02, 5.44464588e-03, 2.15970963e-01, 2.35934667e-02,
       5.62613420e-02, 3.44827585e-02, 2.59528130e-01, 4.35571671e-02,
       6.17059879e-02, 3.44827585e-02, 6.35208711e-02, 6.17059879e-02 ]
