%YAML:1.0
# BOW
Bow_descriptor: !!opencv-matrix
   rows: 1
   cols: 15
   dt: f
   data: [ 5.11627905e-02, 5.46511635e-02, 3.48837227e-02,
       4.53488380e-02, 2.09302325e-02, 1.56976745e-01, 3.25581394e-02,
       5.00000007e-02, 3.95348817e-02, 1.45348832e-01, 3.83720919e-02,
       3.95348817e-02, 3.48837227e-02, 2.04651162e-01, 5.11627905e-02 ]
