%YAML:1.0
# BOW
Bow_descriptor: !!opencv-matrix
   rows: 1
   cols: 15
   dt: f
   data: [ 6.69216039e-03, 2.27533460e-01, 2.00764816e-02,
       2.24665388e-01, 7.64818350e-03, 1.18546844e-01, 6.69216039e-03,
       2.67686415e-02, 2.58126184e-02, 1.08030595e-01, 8.69980901e-02,
       2.86806878e-02, 2.10325047e-02, 1.81644354e-02, 7.26577416e-02 ]
