%YAML:1.0
# BOW
Bow_descriptor: !!opencv-matrix
   rows: 1
   cols: 15
   dt: f
   data: [ 3.63372080e-02, 4.79651168e-02, 3.92441861e-02,
       2.61627901e-02, 2.76162792e-02, 1.19186044e-01, 3.63372080e-02,
       6.83139563e-02, 5.23255803e-02, 1.72965109e-01, 3.77906971e-02,
       3.48837227e-02, 8.43023285e-02, 1.70058146e-01, 4.65116277e-02 ]
