%YAML:1.0
# SIFT
keypoints: [ 2.7237398147583008e+01, 1.9939498901367188e+02,
    1.2503466796875000e+02, -1.3378826904296875e+02, 0., 3, 0,
    2.7237398147583008e+01, 1.9939498901367188e+02,
    1.2503466796875000e+02, -1.2485159873962402e+01, 0., 3, 0,
    5.7247447967529297e+01, 1.8765464782714844e+02,
    1.2318659210205078e+02, -1.0352416038513184e+01, 0., 3, 0,
    1.2934025573730469e+02, 4.5175582885742188e+01,
    1.1344350433349609e+02, -4.4199489593505859e+01, 0., 3, 0,
    1.5786318969726562e+02, 2.4731088256835938e+02,
    1.0578073120117188e+02, 6.0504943847656250e+01, 0., 3, 0,
    2.5507830810546875e+02, 1.6804238891601562e+02,
    9.9739974975585938e+01, 1.3458984375000000e+02, 0., 3, 0,
    2.4805638122558594e+02, 2.3315248107910156e+02,
    9.8108055114746094e+01, 1.6820524597167969e+02, 0., 3, 0,
    4.5353096008300781e+01, 1.3647303771972656e+02,
    9.7631980895996094e+01, 3.3671260833740234e+01, 0., 3, 0,
    2.2113284301757812e+02, 2.6364428710937500e+02,
    8.6477325439453125e+01, -6.0595016479492188e+01, 0., 3, 0,
    1.7480239868164062e+02, 2.7372702026367188e+02,
    7.0448738098144531e+01, 6.4856796264648438e+01, 0., 2, 0,
    1.4641365051269531e+02, 1.8900451660156250e+02,
    6.6026763916015625e+01, -1.2776752471923828e+02, 0., 2, 0,
    1.4641365051269531e+02, 1.8900451660156250e+02,
    6.6026763916015625e+01, -6.8913215637207031e+01, 0., 2, 0,
    2.4442691040039062e+02, 2.3544174194335938e+02,
    6.2303657531738281e+01, 1.6907176208496094e+02, 0., 2, 0,
    2.2296766662597656e+02, 7.0385726928710938e+01,
    6.1073215484619141e+01, -1.5845483398437500e+02, 0., 2, 0,
    5.8065368652343750e+01, 5.3787708282470703e+01,
    5.7844760894775391e+01, -7.8286727905273438e+01, 0., 2, 0,
    1.1591921234130859e+02, 5.0294090270996094e+01,
    4.7330478668212891e+01, -3.9521293640136719e+01, 0., 2, 0,
    2.6410006713867188e+02, 8.7267692565917969e+01,
    4.7264556884765625e+01, -1.1653520965576172e+02, 0., 2, 0,
    2.2619580078125000e+02, 8.2005371093750000e+01,
    4.6238758087158203e+01, -9.8816375732421875e+01, 0., 2, 0,
    2.0069081115722656e+02, 2.9593040466308594e+01,
    4.5703132629394531e+01, -1.5097674560546875e+02, 0., 2, 0,
    2.4988473510742188e+02, 1.9053445434570312e+02,
    4.4319473266601562e+01, 1.3337234497070312e+02, 0., 2, 0,
    2.4988473510742188e+02, 1.9053445434570312e+02,
    4.4319473266601562e+01, 1.6729953002929688e+02, 0., 2, 0,
    2.8164852905273438e+02, 1.5709695434570312e+02,
    4.1775592803955078e+01, 3.0132705688476562e+01, 0., 1, 0,
    2.8164852905273438e+02, 1.5709695434570312e+02,
    4.1775592803955078e+01, 1.4448698425292969e+02, 0., 1, 0,
    1.4955422401428223e+01, 1.9706034851074219e+02,
    3.3344577789306641e+01, -1.4406712341308594e+02, 0., 1, 0,
    1.9776600646972656e+02, 1.5214085388183594e+02,
    3.3264678955078125e+01, 8.0249004364013672e+00, 0., 1, 0,
    1.3366508483886719e+02, 1.8383567810058594e+02,
    3.2975700378417969e+01, -1.3017471313476562e+02, 0., 1, 0,
    1.0089435577392578e+01, 1.8971260070800781e+02,
    3.1302093505859375e+01, -1.5323014831542969e+02, 0., 1, 0,
    1.6631619262695312e+02, 1.9080427551269531e+02,
    3.0672027587890625e+01, -6.4530128479003906e+01, 0., 1, 0,
    2.9289843750000000e+02, 1.6483442687988281e+02,
    3.0636688232421875e+01, 2.7836366653442383e+01, 0., 1, 0,
    2.4923298645019531e+02, 8.0671440124511719e+01,
    3.0112640380859375e+01, -1.1253763580322266e+02, 0., 1, 0,
    1.9005020141601562e+02, 1.0556977081298828e+02,
    2.7864780426025391e+01, 8.9785394668579102e+00, 0., 1, 0,
    1.9005020141601562e+02, 1.0556977081298828e+02,
    2.7864780426025391e+01, 7.9632278442382812e+01, 0., 1, 0,
    2.0690725708007812e+02, 2.0393239974975586e+01,
    2.7549467086791992e+01, 9.8384231567382812e+01, 0., 1, 0,
    2.6292654037475586e+01, 2.0739424133300781e+02,
    2.7496000289916992e+01, -1.2481488037109375e+02, 0., 1, 0,
    1.2343966674804688e+02, 1.7654495239257812e+02,
    2.6456298828125000e+01, -1.3269519042968750e+02, 0., 1, 0,
    7.1631197929382324e+00, 1.3458604431152344e+02,
    2.5292976379394531e+01, 1.3816455078125000e+02, 0., 1, 0,
    2.0083763122558594e+02, 3.2871734619140625e+01,
    2.3923877716064453e+01, -1.4638124084472656e+02, 0., 1, 0,
    1.2873051452636719e+02, 2.4393347167968750e+02,
    2.3774093627929688e+01, 1.1331771087646484e+02, 0., 1, 0,
    1.8287097167968750e+02, 1.7678166198730469e+02,
    2.3772920608520508e+01, -5.8163639068603516e+01, 0., 1, 0,
    1.1688580322265625e+02, 1.7083091735839844e+02,
    2.3526044845581055e+01, -1.3282716369628906e+02, 0., 1, 0,
    2.9132667541503906e+01, 1.1864970397949219e+02,
    2.3350553512573242e+01, 1.9293567657470703e+01, 0., 1, 0,
    2.7282928466796875e+02, 7.3029449462890625e+01,
    2.3044071197509766e+01, -1.6532759666442871e+00, 0., 1, 0,
    2.2198213195800781e+02, 7.8938323974609375e+01,
    2.2706562042236328e+01, -9.4815505981445312e+01, 0., 1, 0,
    1.3242822265625000e+02, 7.1809320449829102e+00,
    2.2560129165649414e+01, -7.6554176330566406e+01, 0., 1, 0,
    2.6124383544921875e+02, 8.7602973937988281e+01,
    2.2317249298095703e+01, -1.2263614654541016e+02, 0., 1, 0,
    1.3404141235351562e+02, 2.7675499916076660e+00,
    2.0089275360107422e+01, -8.2117713928222656e+01, 0., 0, 0,
    1.1106800842285156e+02, 1.6583293151855469e+02,
    1.9965124130249023e+01, -1.3737628173828125e+02, 0., 0, 0,
    1.3501994323730469e+02, 2.4487686157226562e+02,
    1.9483789443969727e+01, 1.2082175445556641e+02, 0., 0, 0,
    1.1948821258544922e+02, 3.8396015167236328e+00,
    1.9432128906250000e+01, 1.0881587982177734e+02, 0., 0, 0,
    9.9188232421875000e+01, 1.5302162170410156e+02,
    1.7966285705566406e+01, -1.2672542572021484e+02, 0., 0, 0,
    9.9188232421875000e+01, 1.5302162170410156e+02,
    1.7966285705566406e+01, 1.5203334045410156e+02, 0., 0, 0,
    1.3955906677246094e+02, 2.4492994689941406e+02,
    1.7907962799072266e+01, 4.7506198883056641e+01, 0., 0, 0,
    2.2571736145019531e+02, 6.3073219299316406e+01,
    1.7773069381713867e+01, 4.1811119079589844e+01, 0., 0, 0,
    5.2222400665283203e+01, 1.5893870544433594e+02,
    1.7698532104492188e+01, 4.4436237335205078e+01, 0., 0, 0,
    1.6221858215332031e+02, 2.9098231792449951e+00,
    1.7564155578613281e+01, -9.1897972106933594e+01, 0., 0, 0,
    2.5938998413085938e+02, 5.1132331848144531e+01,
    1.7223222732543945e+01, 4.0269962310791016e+01, 0., 0, 0,
    1.9143725585937500e+02, 1.7237545776367188e+02,
    1.6949295043945312e+01, -5.6647350311279297e+01, 0., 0, 0,
    1.0491266632080078e+02, 1.5951219177246094e+02,
    1.6565824508666992e+01, -1.3970663452148438e+02, 0., 0, 0,
    2.8161978149414062e+02, 1.5282559204101562e+02,
    1.6022174835205078e+01, 2.9491161346435547e+01, 0., 0, 0,
    2.8161978149414062e+02, 1.5282559204101562e+02,
    1.6022174835205078e+01, 1.4944615173339844e+02, 0., 0, 0,
    2.6746997070312500e+02, 9.3340995788574219e+01,
    1.5930358886718750e+01, -1.3758279418945312e+02, 0., 0, 0,
    2.6746997070312500e+02, 9.3340995788574219e+01,
    1.5930358886718750e+01, 1.5092593431472778e+00, 0., 0, 0,
    1.6728549194335938e+02, 3.1435060501098633e+00,
    1.5925598144531250e+01, -8.9056861877441406e+01, 0., 0, 0,
    1.6728549194335938e+02, 3.1435060501098633e+00,
    1.5925598144531250e+01, 7.8402816772460938e+01, 0., 0, 0,
    3.6071140289306641e+01, 2.1446858215332031e+02,
    1.5892613410949707e+01, -1.1380632781982422e+02, 0., 0, 0,
    2.1404724121093750e+02, 2.1424558639526367e+01,
    1.5554263114929199e+01, 9.0829185485839844e+01, 0., 0, 0,
    1.9490628051757812e+02, 2.6432771682739258e+01,
    1.5497123718261719e+01, -1.2584246063232422e+02, 0., 0, 0,
    1.9490628051757812e+02, 2.6432771682739258e+01,
    1.5497123718261719e+01, 9.0258155822753906e+01, 0., 0, 0,
    6.8884933471679688e+01, 2.0573272705078125e+01,
    1.5196894645690918e+01, 1.2484793090820312e+02, 0., 0, 0,
    2.7891546630859375e+02, 7.4484107971191406e+01,
