%YAML:1.0
# SIFT
keypoints: [ 1.2076178741455078e+02, 1.2859169006347656e+02,
    1.2996078491210938e+02, 1.7628736877441406e+02, 0., 3, 0,
    1.2076178741455078e+02, 1.2859169006347656e+02,
    1.2996078491210938e+02, 1.1430252075195312e+02, 0., 3, 0,
    1.5991551208496094e+02, 1.1268172454833984e+02,
    1.1757031250000000e+02, 4.4059848785400391e+01, 0., 3, 0,
    1.5991551208496094e+02, 1.1268172454833984e+02,
    1.1757031250000000e+02, 1.0517443084716797e+02, 0., 3, 0,
    1.2076867675781250e+02, 1.7121855163574219e+02,
    1.1687086486816406e+02, -1.7191716003417969e+02, 0., 3, 0,
    1.2076867675781250e+02, 1.7121855163574219e+02,
    1.1687086486816406e+02, -1.1371289062500000e+02, 0., 3, 0,
    1.8745114135742188e+02, 1.4733631896972656e+02,
    1.1448979187011719e+02, -2.7600442886352539e+01, 0., 3, 0,
    1.8745114135742188e+02, 1.4733631896972656e+02,
    1.1448979187011719e+02, 3.1020812988281250e+01, 0., 3, 0,
    1.6244580078125000e+02, 1.8334729003906250e+02,
    1.1435559082031250e+02, -9.7702713012695312e+01, 0., 3, 0,
    1.6244580078125000e+02, 1.8334729003906250e+02,
    1.1435559082031250e+02, -4.2311096191406250e+01, 0., 3, 0,
    2.1223332214355469e+02, 5.9673477172851562e+01,
    1.0299786376953125e+02, -7.0594894409179688e+01, 0., 3, 0,
    8.2479644775390625e+01, 9.9942428588867188e+01,
    9.8545600891113281e+01, -5.1442661285400391e+01, 0., 3, 0,
    8.2479644775390625e+01, 9.9942428588867188e+01,
    9.8545600891113281e+01, -1.1593095779418945e+01, 0., 3, 0,
    2.3249411010742188e+02, 1.4688307189941406e+02,
    9.8246940612792969e+01, -1.5478524780273438e+02, 0., 3, 0,
    2.3249411010742188e+02, 1.4688307189941406e+02,
    9.8246940612792969e+01, 1.6181625366210938e+02, 0., 3, 0,
    8.3507804870605469e+01, 1.9758233642578125e+02,
    9.6256729125976562e+01, 2.1672700881958008e+01, 0., 3, 0,
    8.3507804870605469e+01, 1.9758233642578125e+02,
    9.6256729125976562e+01, 5.9942405700683594e+01, 0., 3, 0,
    4.3588306427001953e+01, 1.2356179809570312e+02,
    9.0370597839355469e+01, -1.2586829376220703e+02, 0., 3, 0,
    4.3588306427001953e+01, 1.2356179809570312e+02,
    9.0370597839355469e+01, -6.9969772338867188e+01, 0., 3, 0,
    1.3999229431152344e+02, 3.9275814056396484e+01,
    8.7657432556152344e+01, -1.4068978881835938e+02, 0., 3, 0,
    1.3999229431152344e+02, 3.9275814056396484e+01,
    8.7657432556152344e+01, 1.6279173278808594e+02, 0., 3, 0,
    1.7621226501464844e+02, 2.2491427612304688e+02,
    8.5940902709960938e+01, 8.8871047973632812e+01, 0., 2, 0,
    1.7621226501464844e+02, 2.2491427612304688e+02,
    8.5940902709960938e+01, 1.3176431274414062e+02, 0., 2, 0,
    8.5001060485839844e+01, 1.9668785095214844e+02,
    8.5577827453613281e+01, 1.8005786895751953e+01, 0., 2, 0,
    8.5001060485839844e+01, 1.9668785095214844e+02,
    8.5577827453613281e+01, 6.1588756561279297e+01, 0., 2, 0,
    2.5034565734863281e+02, 1.0453268432617188e+02,
    8.4515296936035156e+01, 8.3804069519042969e+01, 0., 2, 0,
    2.5034565734863281e+02, 1.0453268432617188e+02,
    8.4515296936035156e+01, 1.4764631652832031e+02, 0., 2, 0,
    4.6215751647949219e+01, 1.8020234680175781e+02,
    8.2415122985839844e+01, 7.3461341857910156e+01, 0., 2, 0,
    4.6215751647949219e+01, 1.8020234680175781e+02,
    8.2415122985839844e+01, 1.3592501831054688e+02, 0., 2, 0,
    8.7525337219238281e+01, 5.9568897247314453e+01,
    8.2378822326660156e+01, 2.6352920532226562e+00, 0., 2, 0,
    2.5233538818359375e+02, 1.8349969482421875e+02,
    8.1180625915527344e+01, -1.4412855529785156e+02, 0., 2, 0,
    2.5233538818359375e+02, 1.8349969482421875e+02,
    8.1180625915527344e+01, -7.9348937988281250e+01, 0., 2, 0,
    1.4792691040039062e+02, 2.5682803344726562e+02,
    8.0585922241210938e+01, -1.5221774291992188e+02, 0., 2, 0,
    1.4792691040039062e+02, 2.5682803344726562e+02,
    8.0585922241210938e+01, 1.4487887573242188e+02, 0., 2, 0,
    9.4657958984375000e+01, 2.4306640625000000e+02,
    7.9971382141113281e+01, -6.3081489562988281e+01, 0., 2, 0,
    9.4657958984375000e+01, 2.4306640625000000e+02,
    7.9971382141113281e+01, 3.9177348613739014e+00, 0., 2, 0,
    1.3838557434082031e+02, 3.9365615844726562e+01,
    7.8721214294433594e+01, -1.3782032775878906e+02, 0., 2, 0,
    1.3838557434082031e+02, 3.9365615844726562e+01,
    7.8721214294433594e+01, 1.5431619262695312e+02, 0., 2, 0,
    2.8367434692382812e+02, 1.1021627044677734e+02,
    7.5105339050292969e+01, 2.0577684402465820e+01, 0., 2, 0,
    4.2317710876464844e+01, 1.2708455657958984e+02,
    6.7379661560058594e+01, -1.3616485595703125e+02, 0., 2, 0,
    4.2317710876464844e+01, 1.2708455657958984e+02,
    6.7379661560058594e+01, -6.6770866394042969e+01, 0., 2, 0,
    2.2502075195312500e+02, 2.2864329528808594e+02,
    6.4535629272460938e+01, 7.0581645965576172e+00, 0., 2, 0,
    2.2502075195312500e+02, 2.2864329528808594e+02,
    6.4535629272460938e+01, 7.6342910766601562e+01, 0., 2, 0,
    8.7261878967285156e+01, 1.9467196655273438e+02,
    5.9556941986083984e+01, 2.1014745712280273e+01, 0., 2, 0,
    8.7261878967285156e+01, 1.9467196655273438e+02,
    5.9556941986083984e+01, 5.8719261169433594e+01, 0., 2, 0,
    1.6554116821289062e+02, 1.9142041015625000e+02,
    5.3204998016357422e+01, -9.7194694519042969e+01, 0., 2, 0,
    1.6554116821289062e+02, 1.9142041015625000e+02,
    5.3204998016357422e+01, -4.2539710998535156e+01, 0., 2, 0,
    2.2645515441894531e+02, 1.4742485046386719e+02,
    5.0268749237060547e+01, -1.5556292724609375e+02, 0., 2, 0,
    2.2645515441894531e+02, 1.4742485046386719e+02,
    5.0268749237060547e+01, 1.6362120056152344e+02, 0., 2, 0,
    8.7300613403320312e+01, 1.0364992523193359e+02,
    5.0158943176269531e+01, -5.0125373840332031e+01, 0., 2, 0,
    8.7300613403320312e+01, 1.0364992523193359e+02,
    5.0158943176269531e+01, -1.5237716674804688e+01, 0., 2, 0,
    2.2771778869628906e+02, 3.9347858428955078e+01,
    4.6156478881835938e+01, -2.1183540821075439e+00, 0., 2, 0,
    1.9618150711059570e+01, 1.1599015808105469e+02,
    4.4406425476074219e+01, -1.3709211730957031e+02, 0., 2, 0,
    1.5241484069824219e+02, 2.8323641967773438e+02,
    3.9729106903076172e+01, -1.4510408020019531e+02, 0., 1, 0,
    7.6751235961914062e+01, 2.6191784667968750e+02,
    3.6954959869384766e+01, -6.6353012084960938e+01, 0., 1, 0,
    9.3228233337402344e+01, 5.6016197204589844e+01,
    3.4018123626708984e+01, -2.9168014526367188e+00, 0., 1, 0,
    9.3228233337402344e+01, 5.6016197204589844e+01,
    3.4018123626708984e+01, 6.7277893066406250e+01, 0., 1, 0,
    6.5815109252929688e+01, 4.1066829681396484e+01,
    3.0653158187866211e+01, -5.2007797241210938e+01, 0., 1, 0,
    6.5815109252929688e+01, 4.1066829681396484e+01,
    3.0653158187866211e+01, 6.8700180053710938e+01, 0., 1, 0,
    2.2097763061523438e+01, 1.9474980163574219e+02,
    2.9646585464477539e+01, 2.4893096923828125e+01, 0., 1, 0,
    2.2097763061523438e+01, 1.9474980163574219e+02,
    2.9646585464477539e+01, 1.3985249328613281e+02, 0., 1, 0,
    2.2860151672363281e+02, 2.2517720031738281e+02,
    2.8943191528320312e+01, 8.2281599044799805e+00, 0., 1, 0,
    2.2860151672363281e+02, 2.2517720031738281e+02,
    2.8943191528320312e+01, 7.6037010192871094e+01, 0., 1, 0,
    4.0963031768798828e+01, 1.3257696533203125e+02,
    2.6823230743408203e+01, -1.3708322143554688e+02, 0., 1, 0,
    4.0963031768798828e+01, 1.3257696533203125e+02,
    2.6823230743408203e+01, -6.8361831665039062e+01, 0., 1, 0,
    2.8087994384765625e+02, 1.8528051757812500e+02,
    2.5977077484130859e+01, -7.3823158264160156e+01, 0., 1, 0,
    2.8087994384765625e+02, 1.8528051757812500e+02,
    2.5977077484130859e+01, 1.6983088684082031e+02, 0., 1, 0,
    2.3430076599121094e+02, 2.5565136718750000e+02,
    2.5649253845214844e+01, 3.8842592239379883e+00, 0., 1, 0,
    2.3430076599121094e+02, 2.5565136718750000e+02,
    2.5649253845214844e+01, 1.2485391998291016e+02, 0., 1, 0,
    1.1040714263916016e+02, 1.7893977355957031e+02,
