%YAML:1.0
# SIFT
keypoints: [ 1.2761993408203125e+02, 1.5805523681640625e+02,
    1.6179861450195312e+02, 2.9580232620239258e+01, 0., 3, 0,
    1.5890374755859375e+02, 7.6870155334472656e+01,
    1.0174623107910156e+02, -6.8425125122070312e+01, 0., 3, 0,
    1.3721441650390625e+02, 5.7138336181640625e+01,
    9.9724617004394531e+01, -8.2734054565429688e+01, 0., 3, 0,
    2.0140316772460938e+02, 1.5014625549316406e+02,
    8.2837196350097656e+01, -1.5269094848632812e+02, 0., 2, 0,
    1.3377107238769531e+02, 1.7170436096191406e+02,
    5.9827156066894531e+01, -7.6214218139648438e+01, 0., 2, 0,
    1.3377107238769531e+02, 1.7170436096191406e+02,
    5.9827156066894531e+01, -2.1713743209838867e+01, 0., 2, 0,
    2.3457505798339844e+02, 7.3884902954101562e+01,
    5.3749656677246094e+01, -1.4928034973144531e+02, 0., 2, 0,
    9.1994865417480469e+01, 1.2879141235351562e+02,
    5.0484424591064453e+01, 1.7522825622558594e+02, 0., 2, 0,
    9.1994865417480469e+01, 1.2879141235351562e+02,
    5.0484424591064453e+01, 1.1610979461669922e+02, 0., 2, 0,
    2.3557461547851562e+02, 1.5128846740722656e+02,
    4.6865242004394531e+01, 1.6440936279296875e+02, 0., 2, 0,
    1.5994456481933594e+02, 1.4546148681640625e+02,
    4.6543968200683594e+01, -6.7444987297058105e+00, 0., 2, 0,
    1.2831959533691406e+02, 1.2390349578857422e+02,
    4.1549037933349609e+01, 2.7033472061157227e+01, 0., 1, 0,
    9.0912269592285156e+01, 1.2842045593261719e+02,
    4.1441795349121094e+01, 1.7560668945312500e+02, 0., 1, 0,
    9.0912269592285156e+01, 1.2842045593261719e+02,
    4.1441795349121094e+01, 1.2114868164062500e+02, 0., 1, 0,
    1.5207127380371094e+02, 1.4104336547851562e+02,
    3.7267055511474609e+01, -7.4670271873474121e+00, 0., 1, 0,
    1.2296833038330078e+02, 1.1125476074218750e+02,
    3.6871967315673828e+01, 9.7539054870605469e+01, 0., 1, 0,
    1.3145182800292969e+02, 7.0517242431640625e+01,
    3.5993553161621094e+01, -1.1094286346435547e+02, 0., 1, 0,
    1.2094808197021484e+02, 1.0360426330566406e+02,
    3.5922645568847656e+01, 9.8635520935058594e+01, 0., 1, 0,
    1.3271897888183594e+02, 1.8120712280273438e+02,
    3.3860420227050781e+01, -8.7055816650390625e+01, 0., 1, 0,
    2.0118040466308594e+02, 1.3055523681640625e+02,
    3.3598381042480469e+01, 1.7340887451171875e+02, 0., 1, 0,
    8.0252540588378906e+01, 6.2153659820556641e+01,
    3.2371288299560547e+01, -3.9817489624023438e+01, 0., 1, 0,
    1.2986155700683594e+02, 1.0035170745849609e+02,
    3.1466451644897461e+01, -1.7931018066406250e+02, 0., 1, 0,
    9.7153320312500000e+01, 1.6607672119140625e+02,
    2.9923997879028320e+01, -1.5735598754882812e+02, 0., 1, 0,
    1.3527517700195312e+02, 1.7499641418457031e+02,
    2.9224702835083008e+01, -8.3378753662109375e+01, 0., 1, 0,
    2.0989149475097656e+02, 9.4178375244140625e+01,
    2.9015300750732422e+01, 9.4047767639160156e+01, 0., 1, 0,
    2.0989149475097656e+02, 9.4178375244140625e+01,
    2.9015300750732422e+01, 1.5484326171875000e+02, 0., 1, 0,
    2.1941423034667969e+02, 1.5602511596679688e+02,
    2.7866281509399414e+01, -1.5679306030273438e+02, 0., 1, 0,
    2.1941423034667969e+02, 1.5602511596679688e+02,
    2.7866281509399414e+01, -7.0277671813964844e+01, 0., 1, 0,
    2.2113819885253906e+02, 1.6161584472656250e+02,
    2.6131475448608398e+01, -6.9877120971679688e+01, 0., 1, 0,
    1.6280479431152344e+02, 1.3563717651367188e+02,
    2.5519170761108398e+01, -9.1823890686035156e+01, 0., 1, 0,
    2.0635346984863281e+02, 1.9875370788574219e+02,
    2.3835784912109375e+01, 1.1762337493896484e+02, 0., 1, 0,
    1.3586244201660156e+02, 1.7581097412109375e+02,
    2.1486112594604492e+01, -8.6167167663574219e+01, 0., 0, 0,
    2.0907461547851562e+02, 9.3189208984375000e+01,
    2.0736700057983398e+01, 9.3432754516601562e+01, 0., 0, 0,
    2.0907461547851562e+02, 9.3189208984375000e+01,
    2.0736700057983398e+01, 1.6131153869628906e+02, 0., 0, 0,
    9.6223976135253906e+01, 1.6659689331054688e+02,
    1.9443092346191406e+01, -1.5617013549804688e+02, 0., 0, 0,
    1.2817242431640625e+02, 3.3867263793945312e+01,
    1.7925058364868164e+01, -8.3565513610839844e+01, 0., 0, 0,
    1.2441846466064453e+02, 1.7851982116699219e+02,
    1.6905494689941406e+01, -9.5764518737792969e+01, 0., 0, 0,
    1.7136503601074219e+02, 3.4946849822998047e+01,
    1.6320722579956055e+01, -1.0007383728027344e+02, 0., 0, 0,
    1.2449954986572266e+02, 3.1339586257934570e+01,
    1.5675933837890625e+01, -7.5240264892578125e+01, 0., 0, 0,
    2.1535339355468750e+02, 1.6341584777832031e+02,
    1.4941799163818359e+01, -8.7542104721069336e+00, 0., 0, 0,
    1.6131777954101562e+02, 3.2440395355224609e+01,
    1.4796740531921387e+01, -9.9112945556640625e+01, 0., 0, 0,
    1.2183669281005859e+02, 1.7549249267578125e+02,
    1.3935564994812012e+01, -9.6036804199218750e+01, 0., 0, 0,
    1.0807032775878906e+02, 1.7218626403808594e+02,
    1.3518038749694824e+01, -1.0347713470458984e+02, 0., 0, 0,
    1.3668156433105469e+02, 1.2027584838867188e+02,
    1.3479863166809082e+01, 4.1806945800781250e+01, 0., 0, 0,
    9.9354484558105469e+01, 5.2986019134521484e+01,
    1.2854152679443359e+01, 1.1156309509277344e+02, 0., 0, 0,
    1.8497332763671875e+02, 3.8307155609130859e+01,
    1.2547800064086914e+01, -1.0906443023681641e+02, 0., 0, 0,
    9.9912857055664062e+01, 1.6931814575195312e+02,
    1.2438673019409180e+01, -1.1075975036621094e+02, 0., 0, 0,
    1.0034504699707031e+02, 1.7222940063476562e+02,
    1.2061050415039062e+01, -1.1133980560302734e+02, 0., 0, 0,
    1.0416337585449219e+02, 1.7155529785156250e+02,
    1.1831465721130371e+01, -1.0728295898437500e+02, 0., 0, 0,
    8.7657623291015625e+01, 6.2131130218505859e+01,
    1.1827331542968750e+01, 1.1956892395019531e+02, 0., 0, 0,
    9.8475875854492188e+01, 1.1689140319824219e+02,
    1.1603512763977051e+01, 1.1770229339599609e+02, 0., 0, 0,
    1.3569538879394531e+02, 2.2187716674804688e+02,
    1.1511252403259277e+01, 7.9899681091308594e+01, 0., 0, 0,
    9.9630050659179688e+01, 5.5582275390625000e+01,
    1.1449475288391113e+01, 1.1141575622558594e+02, 0., 0, 0,
    2.1597294616699219e+02, 9.1938995361328125e+01,
    1.1310608863830566e+01, 8.6606742858886719e+01, 0., 0, 0,
    2.1402505493164062e+02, 1.5583233642578125e+02,
    1.1299292564392090e+01, -1.5271905517578125e+02, 0., 0, 0 ]
