%YAML:1.0
# SIFT
keypoints: [ 2.4049586486816406e+02, 1.2904675292968750e+02,
    1.1238688659667969e+02, -5.0714069366455078e+01, 0., 3, 0,
    2.3347673034667969e+02, 1.9644470214843750e+02,
    1.0275811004638672e+02, 5.9153549194335938e+01, 0., 3, 0,
    2.0761848449707031e+02, 3.1006248474121094e+01,
    9.6621658325195312e+01, 8.5534309387207031e+01, 0., 3, 0,
    2.3246542358398438e+02, 4.6514614105224609e+01,
    8.0226631164550781e+01, 4.1740814208984375e+01, 0., 2, 0,
    1.9793537139892578e+01, 1.4174894714355469e+02,
    7.4036445617675781e+01, 1.5976602172851562e+02, 0., 2, 0,
    5.3542469024658203e+01, 4.3953678131103516e+01,
    6.6439033508300781e+01, -5.3783348083496094e+01, 0., 2, 0,
    5.3542469024658203e+01, 4.3953678131103516e+01,
    6.6439033508300781e+01, 1.3021859741210938e+02, 0., 2, 0,
    5.8577720642089844e+01, 2.1361213684082031e+02,
    4.4222171783447266e+01, -7.0772796630859375e+01, 0., 2, 0,
    5.1577201843261719e+01, 2.5877212524414062e+02,
    4.0212722778320312e+01, -1.3253001403808594e+02, 0., 1, 0,
    2.2857328796386719e+02, 2.7713247299194336e+01,
    3.8083694458007812e+01, 5.4620975494384766e+01, 0., 1, 0,
    6.3206302642822266e+01, 2.5890393066406250e+02,
    3.7653789520263672e+01, 3.5839221954345703e+01, 0., 1, 0,
    1.6844978332519531e+02, 9.9071914672851562e+01,
    3.2351154327392578e+01, -1.2333217620849609e+02, 0., 1, 0,
    2.5521240234375000e+02, 9.5657272338867188e+01,
    3.1420558929443359e+01, 2.0717075347900391e+01, 0., 1, 0,
    2.2049049377441406e+01, 2.3360369873046875e+02,
    2.9589019775390625e+01, -1.4888771057128906e+02, 0., 1, 0,
    2.6388065338134766e+01, 1.5602833557128906e+02,
    2.9421686172485352e+01, 1.6890596008300781e+02, 0., 1, 0,
    2.0681636047363281e+02, 1.3024005126953125e+02,
    2.5873798370361328e+01, -1.3277980041503906e+02, 0., 1, 0,
    1.6140126037597656e+02, 1.0183187866210938e+02,
    2.5819019317626953e+01, -1.2537841796875000e+02, 0., 1, 0,
    3.1051372528076172e+01, 1.2390788269042969e+02,
    2.5442216873168945e+01, 1.5067633056640625e+02, 0., 1, 0,
    4.5464187622070312e+01, 4.5876464843750000e+01,
    2.4806135177612305e+01, -1.1142317962646484e+02, 0., 1, 0,
    4.5464187622070312e+01, 4.5876464843750000e+01,
    2.4806135177612305e+01, 1.3573393249511719e+02, 0., 1, 0,
    5.5501834869384766e+01, 2.1221162414550781e+02,
    2.4685918807983398e+01, -7.1050933837890625e+01, 0., 1, 0,
    2.1635198974609375e+02, 3.8047779083251953e+01,
    2.3663740158081055e+01, 9.0553039550781250e+01, 0., 1, 0,
    1.6890020751953125e+02, 1.0548793792724609e+02,
    2.2788043975830078e+01, -1.1991799163818359e+02, 0., 1, 0,
    1.5595622253417969e+02, 9.7371994018554688e+01,
    2.2739892959594727e+01, -8.7648132324218750e+01, 0., 1, 0,
    1.5595622253417969e+02, 9.7371994018554688e+01,
    2.2739892959594727e+01, 1.5635025024414062e+02, 0., 1, 0,
    3.7365898132324219e+01, 1.1543585205078125e+02,
    2.1162334442138672e+01, 1.3914106750488281e+02, 0., 0, 0,
    6.8616394042968750e+01, 2.0236386108398438e+02,
    2.0982292175292969e+01, -6.4082084655761719e+01, 0., 0, 0,
    2.1049026489257812e+02, 1.9898602294921875e+02,
    2.0563037872314453e+01, 1.2720872497558594e+02, 0., 0, 0,
    2.1969287109375000e+02, 4.3035640716552734e+01,
    2.0530485153198242e+01, 9.5471534729003906e+00, 0., 0, 0,
    6.0878517150878906e+01, 2.6840701293945312e+02,
    2.0387870788574219e+01, -1.2858767700195312e+02, 0., 0, 0,
    2.8913296508789062e+02, 9.3216011047363281e+01,
    2.0261035919189453e+01, 2.6794433593750000e+01, 0., 0, 0,
    2.9354931640625000e+02, 1.1963472747802734e+02,
    1.9828781127929688e+01, 1.5145277976989746e+01, 0., 0, 0,
    2.2385746765136719e+02, 2.7098947143554688e+02,
    1.8305128097534180e+01, -4.4526161193847656e+01, 0., 0, 0,
    1.6438221740722656e+02, 4.2992172241210938e+01,
    1.7820646286010742e+01, -1.7237089538574219e+02, 0., 0, 0,
    1.6438221740722656e+02, 4.2992172241210938e+01,
    1.7820646286010742e+01, 7.8417396545410156e+01, 0., 0, 0,
    1.8456513977050781e+02, 3.5495986938476562e+01,
    1.6932664871215820e+01, 9.8658203125000000e+01, 0., 0, 0,
    2.5593713378906250e+02, 2.1488735961914062e+02,
    1.5861310958862305e+01, 1.0134024810791016e+02, 0., 0, 0,
    6.9854446411132812e+01, 2.7517858886718750e+02,
    1.5402576446533203e+01, -1.2153305053710938e+02, 0., 0, 0,
    2.2515708923339844e+02, 2.0753942871093750e+02,
    1.5385201454162598e+01, 5.8217208862304688e+01, 0., 0, 0,
    1.9507002258300781e+02, 1.2012474060058594e+02,
    1.5337321281433105e+01, -1.2410397338867188e+02, 0., 0, 0,
    9.9013069152832031e+01, 1.9315977478027344e+02,
    1.5281278610229492e+01, 2.2473571777343750e+01, 0., 0, 0,
    1.9552088928222656e+02, 3.5337429046630859e+01,
    1.5241947174072266e+01, 8.8746208190917969e+01, 0., 0, 0,
    2.3244709777832031e+02, 2.6256738281250000e+02,
    1.5090713500976562e+01, -4.3976959228515625e+01, 0., 0, 0,
    6.8046730041503906e+01, 2.0649002075195312e+02,
    1.4609934806823730e+01, -6.6445343017578125e+01, 0., 0, 0,
    2.4793975830078125e+01, 2.3478726196289062e+02,
    1.4589827537536621e+01, -1.5887745666503906e+02, 0., 0, 0,
    1.1551704406738281e+01, 2.0379678344726562e+02,
    1.4529853820800781e+01, -1.5952862548828125e+02, 0., 0, 0,
    1.0007827758789062e+02, 1.5716604614257812e+02,
    1.4257525444030762e+01, -1.2345591545104980e+01, 0., 0, 0,
    2.5153302001953125e+02, 8.9428451538085938e+01,
    1.3978917121887207e+01, 2.1840133666992188e+01, 0., 0, 0,
    5.3705162048339844e+01, 1.0300267791748047e+02,
    1.3295596122741699e+01, 4.7711681365966797e+01, 0., 0, 0,
    5.3705162048339844e+01, 1.0300267791748047e+02,
    1.3295596122741699e+01, 1.3899760437011719e+02, 0., 0, 0,
    9.9960044860839844e+01, 1.8241075134277344e+02,
    1.3159518241882324e+01, 7.3323755264282227e+00, 0., 0, 0,
    3.0557641983032227e+01, 1.3581585693359375e+02,
    1.2779547691345215e+01, 1.6317875671386719e+02, 0., 0, 0,
    7.6280181884765625e+01, 1.9911753845214844e+02,
    1.2690062522888184e+01, -7.0062950134277344e+01, 0., 0, 0,
    4.9511505126953125e+01, 2.0855693054199219e+02,
    1.2629451751708984e+01, -1.4116949462890625e+02, 0., 0, 0,
    1.6231550598144531e+02, 3.6831336975097656e+01,
    1.2318829536437988e+01, 5.9995510101318359e+01, 0., 0, 0,
    2.6941604614257812e+02, 2.0698825073242188e+02,
    1.2171694755554199e+01, -3.5065128326416016e+01, 0., 0, 0,
    2.6941604614257812e+02, 2.0698825073242188e+02,
    1.2171694755554199e+01, 1.4026556396484375e+02, 0., 0, 0,
    2.5031654834747314e+00, 1.8340417480468750e+02,
    1.2108034133911133e+01, -1.7000758361816406e+02, 0., 0, 0,
    2.5318586730957031e+02, 9.5353332519531250e+01,
    1.2065375328063965e+01, 1.0910520553588867e+01, 0., 0, 0,
    2.2757873535156250e+02, 2.7916546630859375e+02,
    1.2027660369873047e+01, -5.7816516876220703e+01, 0., 0, 0,
    2.2687725830078125e+02, 2.6846279907226562e+02,
    1.1995959281921387e+01, -4.4712562561035156e+01, 0., 0, 0,
    5.8565441131591797e+01, 2.5974349975585938e+02,
    1.1969565391540527e+01, 3.2896068572998047e+01, 0., 0, 0,
    2.4461705017089844e+02, 2.1946322631835938e+02,
    1.1888459205627441e+01, 4.8145473480224609e+01, 0., 0, 0,
    8.7294319152832031e+01, 3.1091594696044922e+01,
    1.1870733261108398e+01, -6.5614578247070312e+01, 0., 0, 0,
    1.1646554565429688e+02, 2.1434434890747070e+01,
    1.1869006156921387e+01, 7.1544410705566406e+01, 0., 0, 0,
    2.3536614990234375e+02, 2.5996691894531250e+02,
    1.1843978881835938e+01, -4.1712749481201172e+01, 0., 0, 0,
    1.9797657012939453e+01, 1.5412493896484375e+02,
    1.1806617736816406e+01, 8.1801055908203125e+01, 0., 0, 0,
    2.2997651672363281e+02, 2.6593994140625000e+02,
    1.1669727325439453e+01, -4.4020759582519531e+01, 0., 0, 0,
    1.4059129333496094e+02, 2.6379713058471680e+01,
    1.1580628395080566e+01, 6.9981353759765625e+01, 0., 0, 0,
    5.2950313568115234e+01, 2.3471122741699219e+02,
