%YAML:1.0
# SIFT
keypoints: [ 1.7745585632324219e+02, 2.3177540588378906e+02,
    5.1803398132324219e+01, 6.8236320495605469e+01, 0., 2, 0,
    5.5787139892578125e+01, 1.4843481445312500e+02,
    4.6505043029785156e+01, 4.4551605224609375e+01, 0., 2, 0,
    5.5787139892578125e+01, 1.4843481445312500e+02,
    4.6505043029785156e+01, 1.2643152618408203e+02, 0., 2, 0,
    2.1919412231445312e+02, 2.0584574890136719e+02,
    4.2785804748535156e+01, -1.7910897827148438e+02, 0., 1, 0,
    2.3874752807617188e+02, 1.5344860839843750e+02,
    4.2585102081298828e+01, 5.7831401824951172e+01, 0., 1, 0,
    2.3874752807617188e+02, 1.5344860839843750e+02,
    4.2585102081298828e+01, 1.3432258605957031e+02, 0., 1, 0,
    7.7403610229492188e+01, 9.1667221069335938e+01,
    3.1545989990234375e+01, -1.5795329284667969e+02, 0., 1, 0,
    7.7403610229492188e+01, 9.1667221069335938e+01,
    3.1545989990234375e+01, -8.1373649597167969e+01, 0., 1, 0,
    1.8064736938476562e+02, 2.3058551025390625e+02,
    3.1257101058959961e+01, 6.7861236572265625e+01, 0., 1, 0,
    7.5748092651367188e+01, 1.6926869201660156e+02,
    3.0716882705688477e+01, 4.6038126945495605e+00, 0., 1, 0,
    7.5748092651367188e+01, 1.6926869201660156e+02,
    3.0716882705688477e+01, 3.5455902099609375e+01, 0., 1, 0,
    1.2004585266113281e+02, 2.3474630737304688e+02,
    2.4460187911987305e+01, 1.1948915100097656e+02, 0., 1, 0,
    1.8067857360839844e+02, 1.5776150512695312e+02,
    2.1422452926635742e+01, -5.6456359863281250e+01, 0., 0, 0,
    1.8067857360839844e+02, 1.5776150512695312e+02,
    2.1422452926635742e+01, 9.5543117523193359e+00, 0., 0, 0,
    1.1960829162597656e+02, 2.3455905151367188e+02,
    2.1405879974365234e+01, 1.1573806762695312e+02, 0., 0, 0,
    7.6158584594726562e+01, 9.2901458740234375e+01,
    1.9942119598388672e+01, -1.6470597839355469e+02, 0., 0, 0,
    7.6158584594726562e+01, 9.2901458740234375e+01,
    1.9942119598388672e+01, -8.3608901977539062e+01, 0., 0, 0,
    1.1005100250244141e+02, 8.5284118652343750e+01,
    1.3340918540954590e+01, -7.6749145507812500e+01, 0., 0, 0,
    1.1005100250244141e+02, 8.5284118652343750e+01,
    1.3340918540954590e+01, -2.4572935104370117e+01, 0., 0, 0,
    2.2784603881835938e+02, 9.3991203308105469e+01,
    1.2942023277282715e+01, -9.9259750366210938e+01, 0., 0, 0,
    2.2784603881835938e+02, 9.3991203308105469e+01,
    1.2942023277282715e+01, -1.2244563102722168e+01, 0., 0, 0,
    1.4153948974609375e+02, 2.2240859985351562e+02,
    1.2679454803466797e+01, 1.1649719238281250e+02, 0., 0, 0,
    1.5429162597656250e+02, 1.1606706237792969e+02,
    1.1863687515258789e+01, 8.8091308593750000e+01, 0., 0, 0,
    1.7019572448730469e+02, 1.1713257598876953e+02,
    1.1791369438171387e+01, 8.6966407775878906e+01, 0., 0, 0,
    1.3641284179687500e+02, 1.1514912414550781e+02,
    1.1768865585327148e+01, 8.9283493041992188e+01, 0., 0, 0,
    1.4980189514160156e+02, 2.1847277832031250e+02,
    1.1721891403198242e+01, 9.0912429809570312e+01, 0., 0, 0,
    1.7312339782714844e+02, 1.1838453674316406e+02,
    1.1626146316528320e+01, 2.1656242370605469e+01, 0., 0, 0,
    6.7563018798828125e+01, 6.8615257263183594e+01,
    1.1579958915710449e+01, 1.4091481018066406e+02, 0., 0, 0,
    1.5953785705566406e+02, 1.1639475250244141e+02,
    1.1373023033142090e+01, 8.7040794372558594e+01, 0., 0, 0 ]
descriptors: !!opencv-matrix
   rows: 29
   cols: 128
   dt: f
   data: [ 0., 0., 0., 0., 26., 24., 0., 0., 107., 19., 0., 0., 0., 0.,
       0., 0., 151., 52., 0., 0., 0., 0., 0., 0., 29., 26., 0., 0., 0.,
       0., 0., 0., 0., 0., 0., 0., 79., 125., 8., 0., 102., 5., 0., 0.,
       0., 4., 24., 28., 151., 51., 0., 0., 0., 0., 2., 21., 36., 53.,
       1., 0., 0., 0., 0., 0., 0., 0., 0., 0., 45., 151., 46., 4., 25.,
       4., 0., 0., 0., 49., 118., 107., 151., 46., 1., 0., 0., 0., 16.,
       94., 19., 78., 7., 0., 0., 0., 0., 0., 0., 0., 0., 0., 7., 151.,
       6., 0., 8., 13., 0., 0., 1., 151., 25., 10., 12., 81., 6., 0., 0.,
       26., 7., 5., 0., 76., 19., 0., 0., 0., 0., 0., 0., 1., 28., 65.,
       0., 0., 0., 0., 6., 12., 44., 24., 0., 0., 0., 3., 7., 17., 12.,
       0., 0., 0., 0., 12., 1., 1., 2., 0., 0., 0., 3., 10., 0., 2.,
       167., 117., 1., 0., 0., 0., 16., 78., 167., 3., 0., 0., 0., 0.,
       129., 152., 75., 0., 0., 0., 0., 4., 28., 5., 0., 0., 0., 0., 3.,
       19., 0., 0., 85., 71., 8., 0., 0., 0., 135., 39., 96., 1., 0., 0.,
       0., 7., 167., 41., 7., 0., 0., 0., 0., 31., 49., 0., 0., 0., 0.,
       0., 0., 11., 1., 0., 0., 6., 3., 0., 0., 0., 156., 0., 0., 0., 0.,
       0., 0., 20., 167., 0., 0., 0., 0., 0., 0., 39., 31., 0., 0., 0.,
       0., 0., 0., 5., 0., 16., 16., 0., 0., 0., 0., 0., 102., 127., 20.,
       0., 0., 0., 0., 0., 160., 144., 3., 0., 0., 0., 0., 0., 10., 57.,
       6., 0., 0., 0., 0., 0., 0., 0., 0., 0., 0., 0., 87., 7., 118.,
       19., 0., 0., 0., 0., 88., 49., 160., 40., 0., 0., 0., 0., 11.,
       56., 32., 19., 0., 0., 0., 4., 9., 8., 0., 0., 0., 0., 0., 1.,
       160., 35., 10., 0., 0., 0., 0., 0., 160., 94., 79., 0., 0., 0.,
       0., 2., 117., 158., 13., 0., 0., 0., 0., 8., 8., 16., 0., 0., 0.,
       0., 0., 0., 69., 8., 0., 0., 0., 0., 0., 2., 70., 5., 0., 0., 0.,
       0., 0., 13., 32., 6., 1., 0., 0., 0., 2., 17., 2., 1., 0., 0., 2.,
       154., 14., 0., 0., 0., 3., 5., 10., 154., 5., 0., 4., 23., 6., 6.,
       3., 13., 0., 0., 19., 72., 0., 0., 0., 0., 0., 0., 27., 59., 0.,
       1., 101., 154., 13., 0., 0., 0., 23., 49., 154., 26., 1., 0., 0.,
       7., 154., 77., 43., 0., 0., 0., 2., 46., 16., 0., 0., 0., 0., 0.,
       18., 69., 0., 0., 47., 96., 12., 0., 0., 0., 110., 16., 62., 5.,
       0., 0., 0., 5., 154., 17., 5., 0., 0., 0., 0., 56., 30., 0., 0.,
       0., 0., 0., 7., 48., 0., 0., 0., 6., 3., 0., 0., 0., 122., 0., 0.,
       0., 0., 0., 0., 8., 154., 0., 0., 0., 0., 0., 0., 45., 23., 0.,
       0., 0., 0., 0., 1., 29., 0., 31., 107., 0., 0., 0., 0., 0., 0.,
       16., 85., 4., 0., 0., 0., 0., 0., 4., 41., 17., 0., 0., 0., 0.,
       0., 0., 15., 32., 0., 0., 0., 0., 0., 92., 148., 0., 0., 0., 0.,
       0., 14., 148., 148., 0., 0., 0., 0., 0., 85., 145., 127., 7., 0.,
       0., 0., 0., 10., 8., 18., 17., 0., 0., 0., 1., 0., 8., 26., 0.,
       0., 0., 0., 0., 114., 41., 46., 0., 0., 0., 0., 16., 148., 54.,
       14., 1., 0., 0., 0., 27., 15., 8., 23., 13., 0., 0., 6., 20., 0.,
       0., 0., 0., 0., 0., 23., 12., 89., 0., 0., 0., 0., 0., 35., 104.,
       148., 4., 1., 0., 0., 0., 14., 142., 5., 1., 1., 0., 0., 0., 24.,
       93., 0., 0., 0., 0., 1., 1., 0., 0., 127., 9., 0., 0., 0., 0., 0.,
       0., 166., 33., 0., 0., 0., 0., 0., 0., 36., 10., 0., 0., 0., 0.,
       0., 0., 0., 0., 0., 0., 7., 41., 47., 4., 114., 4., 0., 0., 0.,
       0., 67., 40., 166., 30., 0., 0., 0., 0., 8., 41., 51., 20., 0.,
       0., 0., 0., 0., 0., 0., 0., 0., 0., 4., 127., 166., 26., 19., 1.,
       0., 0., 0., 1., 166., 129., 138., 15., 0., 0., 0., 0., 73., 140.,
       27., 46., 0., 0., 0., 0., 0., 2., 0., 0., 0., 0., 0., 120., 40.,
       4., 13., 13., 0., 0., 0., 49., 30., 18., 12., 30., 0., 0., 0., 1.,
       8., 10., 3., 31., 1., 0., 0., 0., 2., 1., 0., 17., 79., 0., 0.,
       0., 0., 0., 0., 10., 69., 0., 0., 0., 0., 0., 0., 5., 29., 12.,
       0., 0., 0., 0., 0., 0., 10., 26., 0., 0., 0., 2., 0., 80., 174.,
       0., 0., 0., 0., 0., 16., 127., 174., 0., 0., 0., 0., 0., 96.,
       141., 112., 6., 0., 0., 1., 9., 10., 3., 6., 9., 0., 0., 12., 22.,
       0., 14., 52., 0., 0., 0., 0., 0., 144., 49., 66., 0., 0., 0., 0.,
       4., 174., 42., 8., 0., 0., 0., 0., 26., 31., 1., 0., 5., 0., 0.,
       2., 8., 1., 0., 0., 0., 0., 0., 0., 0., 158., 0., 0., 0., 0., 0.,
       0., 10., 174., 2., 0., 0., 0., 0., 0., 22., 19., 1., 3., 14., 0.,
       0., 0., 0., 1., 0., 0., 0., 0., 0., 0., 0., 165., 19., 0., 0., 0.,
       0., 0., 0., 165., 49., 0., 0., 0., 0., 0., 0., 19., 4., 0., 0.,
       0., 0., 0., 0., 0., 0., 0., 0., 0., 0., 43., 14., 130., 15., 0.,
