%YAML:1.0
# SIFT
keypoints: [ 1.1202458953857422e+02, 5.7042629241943359e+01,
    1.6841072082519531e+02, 9.0263893127441406e+01, 0., 3, 0,
    1.4353886413574219e+02, 1.5465972900390625e+02,
    1.5413496398925781e+02, -5.2266345977783203e+01, 0., 3, 0,
    8.0561798095703125e+01, 1.5459950256347656e+02,
    1.5334243774414062e+02, -1.2804231262207031e+02, 0., 3, 0,
    1.4316728210449219e+02, 1.2282125091552734e+02,
    1.0056957244873047e+02, -5.5956501007080078e+01, 0., 3, 0,
    1.4316728210449219e+02, 1.2282125091552734e+02,
    1.0056957244873047e+02, 2.0096107482910156e+01, 0., 3, 0,
    8.1024429321289062e+01, 1.2282118988037109e+02,
    9.8898941040039062e+01, -1.2478366851806641e+02, 0., 3, 0,
    8.1024429321289062e+01, 1.2282118988037109e+02,
    9.8898941040039062e+01, 1.6075520324707031e+02, 0., 3, 0,
    1.1180585479736328e+02, 1.4823341369628906e+02,
    8.3066329956054688e+01, -1.3143493652343750e+02, 0., 2, 0,
    1.1180585479736328e+02, 1.4823341369628906e+02,
    8.3066329956054688e+01, -4.8864715576171875e+01, 0., 2, 0,
    1.8381959533691406e+02, 1.0243742370605469e+02,
    5.6891933441162109e+01, 1.4471212768554688e+02, 0., 2, 0,
    4.7290828704833984e+01, 1.8114947509765625e+02,
    5.5597702026367188e+01, -1.1622572326660156e+02, 0., 2, 0,
    6.8130500793457031e+01, 1.9686756896972656e+02,
    5.2646430969238281e+01, -1.4159318542480469e+02, 0., 2, 0,
    6.8130500793457031e+01, 1.9686756896972656e+02,
    5.2646430969238281e+01, 6.2377853393554688e+01, 0., 2, 0,
    1.7745144653320312e+02, 1.8053686523437500e+02,
    5.1969963073730469e+01, -7.3762428283691406e+01, 0., 2, 0,
    1.7745144653320312e+02, 1.8053686523437500e+02,
    5.1969963073730469e+01, 1.3573890686035156e+02, 0., 2, 0,
    1.5430180358886719e+02, 1.9763220214843750e+02,
    5.0116260528564453e+01, -3.8761905670166016e+01, 0., 2, 0,
    1.5430180358886719e+02, 1.9763220214843750e+02,
    5.0116260528564453e+01, 1.1629093933105469e+02, 0., 2, 0,
    1.2319439697265625e+02, 3.9955902099609375e+01,
    4.6232345581054688e+01, -1.3967585754394531e+02, 0., 2, 0,
    1.0078255462646484e+02, 3.9826377868652344e+01,
    4.5473976135253906e+01, -3.7133953094482422e+01, 0., 2, 0,
    1.1167769622802734e+02, 1.6178958129882812e+02,
    4.2902488708496094e+01, 1.7733711242675781e+02, 0., 1, 0,
    1.1167769622802734e+02, 1.6178958129882812e+02,
    4.2902488708496094e+01, 2.4707257747650146e+00, 0., 1, 0,
    1.4185823059082031e+02, 7.1633003234863281e+01,
    4.2394874572753906e+01, -3.4502094268798828e+01, 0., 1, 0,
    1.4185823059082031e+02, 7.1633003234863281e+01,
    4.2394874572753906e+01, 1.4690686035156250e+02, 0., 1, 0,
    8.2301826477050781e+01, 7.2053680419921875e+01,
    4.1674839019775391e+01, -1.4644001770019531e+02, 0., 1, 0,
    8.2301826477050781e+01, 7.2053680419921875e+01,
    4.1674839019775391e+01, 3.4639942169189453e+01, 0., 1, 0,
    1.3103924560546875e+02, 7.1575454711914062e+01,
    4.0537601470947266e+01, 9.6651809692382812e+01, 0., 1, 0,
    9.2847000122070312e+01, 7.1739471435546875e+01,
    3.9129634857177734e+01, 8.2912658691406250e+01, 0., 1, 0,
    1.5645388793945312e+02, 1.1898808288574219e+02,
    3.0771379470825195e+01, 2.6525772094726562e+01, 0., 1, 0,
    1.5645388793945312e+02, 1.1898808288574219e+02,
    3.0771379470825195e+01, 5.7534629821777344e+01, 0., 1, 0,
    7.8876251220703125e+01, 8.1012969970703125e+01,
    2.8881479263305664e+01, 1.7566551208496094e+02, 0., 1, 0,
    7.8876251220703125e+01, 8.1012969970703125e+01,
    2.8881479263305664e+01, -1.5972811889648438e+02, 0., 1, 0,
    1.6191134643554688e+02, 1.3807608032226562e+02,
    2.6860637664794922e+01, -1.7465597534179688e+02, 0., 1, 0,
    1.6191134643554688e+02, 1.3807608032226562e+02,
    2.6860637664794922e+01, -1.1486925506591797e+02, 0., 1, 0,
    2.0920964050292969e+02, 1.0565824127197266e+02,
    2.6773616790771484e+01, -1.7934104919433594e+02, 0., 1, 0,
    2.0920964050292969e+02, 1.0565824127197266e+02,
    2.6773616790771484e+01, 4.4726787567138672e+01, 0., 1, 0,
    1.3986868286132812e+02, 6.1729965209960938e+01,
    2.5495937347412109e+01, -1.5304670715332031e+02, 0., 1, 0,
    1.3986868286132812e+02, 6.1729965209960938e+01,
    2.5495937347412109e+01, 1.5168901062011719e+02, 0., 1, 0,
    6.2224151611328125e+01, 1.6861320495605469e+02,
    2.4858303070068359e+01, 7.3561573028564453e+00, 0., 1, 0,
    6.2224151611328125e+01, 1.6861320495605469e+02,
    2.4858303070068359e+01, 4.3179916381835938e+01, 0., 1, 0,
    5.6992660522460938e+01, 1.2385900878906250e+02,
    2.4687599182128906e+01, 5.3704547882080078e+01, 0., 1, 0,
    5.6992660522460938e+01, 1.2385900878906250e+02,
    2.4687599182128906e+01, 1.0234398651123047e+02, 0., 1, 0,
    1.6741139221191406e+02, 1.2396498870849609e+02,
    2.4388053894042969e+01, 7.4722618103027344e+01, 0., 1, 0,
    3.8144329071044922e+01, 1.7716358947753906e+02,
    2.3939872741699219e+01, -8.6881553649902344e+01, 0., 1, 0,
    3.8144329071044922e+01, 1.7716358947753906e+02,
    2.3939872741699219e+01, 3.7311721801757812e+01, 0., 1, 0,
    2.8422870635986328e+01, 5.9677745819091797e+01,
    1.2461668968200684e+01, -1.6932189941406250e+02, 0., 0, 0,
    2.8422870635986328e+01, 5.9677745819091797e+01,
    1.2461668968200684e+01, -3.4297927856445312e+01, 0., 0, 0,
    1.4045118713378906e+02, 1.7485328674316406e+01,
    1.2047313690185547e+01, -1.1334061431884766e+02, 0., 0, 0,
    1.4045118713378906e+02, 1.7485328674316406e+01,
    1.2047313690185547e+01, 1.0995645141601562e+02, 0., 0, 0,
    9.9181686401367188e+01, 1.6718576049804688e+02,
    1.2005386352539062e+01, 8.2426597595214844e+01, 0., 0, 0,
    1.9595579528808594e+02, 6.0031078338623047e+01,
    1.1251774787902832e+01, -1.4204687500000000e+02, 0., 0, 0,
    1.9595579528808594e+02, 6.0031078338623047e+01,
    1.1251774787902832e+01, -7.4248013496398926e+00, 0., 0, 0 ]
