%YAML:1.0
# SIFT
keypoints: [ 2.4261412048339844e+02, 1.6296983337402344e+02,
    1.2102687072753906e+02, 1.7876628112792969e+02, 0., 3, 0,
    1.9288224792480469e+02, 2.1830574035644531e+02,
    1.0461141204833984e+02, 1.5077398681640625e+02, 0., 3, 0,
    1.4694082641601562e+02, 6.8398948669433594e+01,
    8.9264991760253906e+01, 7.5921096801757812e+01, 0., 3, 0,
    1.4694082641601562e+02, 6.8398948669433594e+01,
    8.9264991760253906e+01, 1.1426836395263672e+02, 0., 3, 0,
    1.5694253540039062e+02, 5.2195137023925781e+01,
    7.0673339843750000e+01, -9.6140411376953125e+01, 0., 2, 0,
    8.9161705017089844e+01, 1.8087875366210938e+02,
    6.9230964660644531e+01, 3.9803184509277344e+01, 0., 2, 0,
    8.9161705017089844e+01, 1.8087875366210938e+02,
    6.9230964660644531e+01, 7.1177803039550781e+01, 0., 2, 0,
    8.1934944152832031e+01, 1.6569863891601562e+02,
    6.6608917236328125e+01, 7.9172492980957031e+01, 0., 2, 0,
    2.1031500244140625e+02, 1.8074552917480469e+02,
    6.5615364074707031e+01, 1.0379457092285156e+02, 0., 2, 0,
    2.1031500244140625e+02, 1.8074552917480469e+02,
    6.5615364074707031e+01, 1.4511177062988281e+02, 0., 2, 0,
    1.4814027404785156e+02, 6.4511672973632812e+01,
    6.4285705566406250e+01, 7.8083534240722656e+01, 0., 2, 0,
    1.4814027404785156e+02, 6.4511672973632812e+01,
    6.4285705566406250e+01, 1.0973022460937500e+02, 0., 2, 0,
    6.2441677093505859e+01, 1.7570442199707031e+02,
    4.7981212615966797e+01, 8.9007392883300781e+01, 0., 2, 0,
    1.0589626312255859e+02, 1.8633941650390625e+02,
    4.7654644012451172e+01, 3.1509895324707031e+01, 0., 2, 0,
    1.1526243591308594e+02, 2.0146253967285156e+02,
    4.7492340087890625e+01, 3.8396354675292969e+01, 0., 2, 0,
    2.4485848999023438e+02, 1.8577186584472656e+02,
    4.2040336608886719e+01, -5.9501285552978516e+00, 0., 1, 0,
    2.4485848999023438e+02, 1.8577186584472656e+02,
    4.2040336608886719e+01, 1.5931468200683594e+02, 0., 1, 0,
    5.3410175323486328e+01, 1.8206048583984375e+02,
    4.0610198974609375e+01, 1.7535855102539062e+02, 0., 1, 0,
    5.3410175323486328e+01, 1.8206048583984375e+02,
    4.0610198974609375e+01, 2.4567531585693359e+01, 0., 1, 0,
    6.7677864074707031e+01, 1.6798593139648438e+02,
    3.3234432220458984e+01, 8.2763442993164062e+01, 0., 1, 0,
    1.1854911041259766e+02, 2.1979966735839844e+02,
    3.2340587615966797e+01, -2.9728116989135742e+01, 0., 1, 0,
    1.1854911041259766e+02, 2.1979966735839844e+02,
    3.2340587615966797e+01, 3.4867328643798828e+01, 0., 1, 0,
    4.7312843322753906e+01, 1.4168206787109375e+02,
    3.1080814361572266e+01, -5.1570258140563965e+00, 0., 1, 0,
    6.1213912963867188e+01, 1.8814860534667969e+02,
    3.0641992568969727e+01, -1.7828002929687500e+02, 0., 1, 0,
    1.2173249053955078e+02, 2.1271362304687500e+02,
    3.0346561431884766e+01, 3.9192157745361328e+01, 0., 1, 0,
    1.7692984008789062e+02, 1.2152961730957031e+02,
    2.8280632019042969e+01, -2.8235242843627930e+01, 0., 1, 0,
    2.4119094848632812e+02, 1.0109377288818359e+02,
    2.5606609344482422e+01, -1.4976393127441406e+02, 0., 1, 0,
    2.0371469116210938e+02, 2.3775971984863281e+02,
    2.4884717941284180e+01, -6.1067066192626953e+01, 0., 1, 0,
    2.0371469116210938e+02, 2.3775971984863281e+02,
    2.4884717941284180e+01, 1.2036753845214844e+02, 0., 1, 0,
    2.0835487365722656e+02, 2.3509765625000000e+02,
    2.4831739425659180e+01, -6.0247367858886719e+01, 0., 1, 0,
    2.0804264831542969e+02, 1.7619738769531250e+02,
    2.4512147903442383e+01, 9.7447463989257812e+01, 0., 1, 0,
    1.5194844055175781e+02, 5.5299751281738281e+01,
    2.3337974548339844e+01, 7.3081733703613281e+01, 0., 1, 0,
    2.2984957885742188e+02, 9.2657417297363281e+01,
    2.1626430511474609e+01, -1.4338681030273438e+02, 0., 1, 0,
    2.3002397155761719e+02, 9.2648338317871094e+01,
    2.0583841323852539e+01, -1.4348075866699219e+02, 0., 0, 0,
    2.4699530029296875e+02, 1.1351918029785156e+02,
    1.9966146469116211e+01, -1.4943545532226562e+02, 0., 0, 0,
    1.8658743286132812e+02, 1.3340904235839844e+02,
    1.9910554885864258e+01, 3.3011951446533203e+01, 0., 0, 0,
    1.8430403137207031e+02, 1.2952272033691406e+02,
    1.9649267196655273e+01, 3.0120746612548828e+01, 0., 0, 0,
    2.3973390197753906e+02, 2.0139122009277344e+02,
    1.9131153106689453e+01, -1.2236210823059082e+01, 0., 0, 0,
    1.2423750305175781e+02, 2.2215432739257812e+02,
    1.8884820938110352e+01, -2.4867126464843750e+01, 0., 0, 0,
    1.7313400268554688e+02, 6.5663070678710938e+01,
    1.8197811126708984e+01, 6.1951961517333984e+01, 0., 0, 0,
    1.7354110717773438e+02, 2.2188566589355469e+02,
    1.7467927932739258e+01, -7.0950195312500000e+01, 0., 0, 0,
    1.7354110717773438e+02, 2.2188566589355469e+02,
    1.7467927932739258e+01, -4.0172039031982422e+01, 0., 0, 0,
    1.7354110717773438e+02, 2.2188566589355469e+02,
    1.7467927932739258e+01, 9.3608398437500000e+01, 0., 0, 0,
    1.3097218322753906e+02, 2.5180702209472656e+02,
    1.7376039505004883e+01, 7.8280853271484375e+01, 0., 0, 0,
    1.9088307189941406e+02, 1.4738282775878906e+02,
    1.6259538650512695e+01, 2.6542085647583008e+01, 0., 0, 0,
    1.8234844970703125e+02, 1.3308964538574219e+02,
    1.6049499511718750e+01, 3.1859069824218750e+01, 0., 0, 0,
    1.0415112304687500e+02, 2.4610455322265625e+02,
    1.5923549652099609e+01, 5.7424968719482422e+01, 0., 0, 0,
    1.8885607910156250e+02, 1.4356088256835938e+02,
    1.5877632141113281e+01, 3.3729900360107422e+01, 0., 0, 0,
    2.4964672851562500e+02, 1.2205780029296875e+02,
    1.5530956268310547e+01, -1.6175270080566406e+02, 0., 0, 0,
    1.9410310363769531e+02, 1.5327378845214844e+02,
    1.5245788574218750e+01, -1.5049317932128906e+02, 0., 0, 0,
    1.9410310363769531e+02, 1.5327378845214844e+02,
    1.5245788574218750e+01, 2.8789382934570312e+01, 0., 0, 0,
    1.7957939147949219e+02, 1.2908172607421875e+02,
    1.5095665931701660e+01, 3.2496315002441406e+01, 0., 0, 0,
    1.9197865295410156e+02, 7.8112022399902344e+01,
    1.5072630882263184e+01, 5.9878013610839844e+01, 0., 0, 0,
    5.0469917297363281e+01, 1.5210942077636719e+02,
    1.4938305854797363e+01, 1.0992359161376953e+01, 0., 0, 0,
    2.0091365051269531e+02, 1.6634933471679688e+02,
    1.4541070938110352e+01, 1.8431966781616211e+01, 0., 0, 0,
    7.6915328979492188e+01, 2.2658668518066406e+02,
    1.4392098426818848e+01, 5.0999301910400391e+01, 0., 0, 0,
    2.4502799987792969e+02, 1.6644790649414062e+02,
    1.4356281280517578e+01, -2.1299396514892578e+01, 0., 0, 0,
    2.4502799987792969e+02, 1.6644790649414062e+02,
    1.4356281280517578e+01, 1.7155838012695312e+02, 0., 0, 0,
    2.0344454956054688e+02, 1.7152418518066406e+02,
    1.4245678901672363e+01, -1.5492291259765625e+02, 0., 0, 0,
    2.0344454956054688e+02, 1.7152418518066406e+02,
    1.4245678901672363e+01, 3.3533699035644531e+01, 0., 0, 0,
    1.3952624511718750e+02, 2.2420703125000000e+02,
    1.4221572875976562e+01, -8.9880310058593750e+01, 0., 0, 0,
    2.2740586853027344e+02, 2.1965391540527344e+02,
    1.3846340179443359e+01, -4.4757648468017578e+01, 0., 0, 0,
    2.2740586853027344e+02, 2.1965391540527344e+02,
    1.3846340179443359e+01, 1.3710293579101562e+02, 0., 0, 0,
    2.5435012817382812e+02, 1.4270132446289062e+02,
    1.3838309288024902e+01, -1.7128076171875000e+02, 0., 0, 0,
    1.7602999877929688e+02, 4.8105869293212891e+01,
    1.3790339469909668e+01, -1.0395352172851562e+02, 0., 0, 0,
    5.1058399200439453e+01, 1.5740501403808594e+02,
    1.3391968727111816e+01, 1.7081968688964844e+02, 0., 0, 0,
    2.5128308105468750e+02, 1.4287654113769531e+02,
    1.2731180191040039e+01, -1.7095927429199219e+02, 0., 0, 0,
    1.1969146728515625e+02, 2.2594522094726562e+02,
    1.2631066322326660e+01, -4.4743595123291016e+01, 0., 0, 0,
    1.2559278869628906e+02, 2.2211093139648438e+02,
    1.2494550704956055e+01, -1.0182344055175781e+02, 0., 0, 0,
    2.4840226745605469e+02, 1.5626623535156250e+02,
