%YAML:1.0
# SIFT
keypoints: [ 2.5005194091796875e+02, 1.5720568847656250e+02,
    1.5677236938476562e+02, -1.9787439346313477e+01, 0., 3, 0,
    1.9718289184570312e+02, 1.0393482208251953e+02,
    8.4826362609863281e+01, 5.3258598327636719e+01, 0., 2, 0,
    1.7969032287597656e+02, 3.5742664337158203e+01,
    7.9108665466308594e+01, -9.2348213195800781e+01, 0., 2, 0,
    1.7969032287597656e+02, 3.5742664337158203e+01,
    7.9108665466308594e+01, 6.8647392272949219e+01, 0., 2, 0,
    1.3061630249023438e+02, 2.9022583007812500e+01,
    7.2531860351562500e+01, -1.0442444610595703e+02, 0., 2, 0,
    1.3061630249023438e+02, 2.9022583007812500e+01,
    7.2531860351562500e+01, 9.4377296447753906e+01, 0., 2, 0,
    2.4825576782226562e+02, 2.3741044616699219e+02,
    5.1150234222412109e+01, -4.7024318695068359e+01, 0., 2, 0,
    2.4825576782226562e+02, 2.3741044616699219e+02,
    5.1150234222412109e+01, 1.5255096435546875e+02, 0., 2, 0,
    1.8021998596191406e+02, 1.0042218780517578e+02,
    4.4550754547119141e+01, 1.2624751281738281e+02, 0., 2, 0,
    1.7814450073242188e+02, 1.1135977935791016e+02,
    4.1971530914306641e+01, 1.2533095550537109e+02, 0., 1, 0,
    7.2469296455383301e+00, 1.6336431884765625e+02,
    4.0903190612792969e+01, 1.5674868774414062e+02, 0., 1, 0,
    1.9597544860839844e+02, 2.8190478515625000e+02,
    3.9169082641601562e+01, -6.2919094085693359e+01, 0., 1, 0,
    1.9597544860839844e+02, 2.8190478515625000e+02,
    3.9169082641601562e+01, 7.5675857543945312e+01, 0., 1, 0,
    1.0475459289550781e+02, 2.9166720581054688e+02,
    3.7073253631591797e+01, -1.0932817077636719e+02, 0., 1, 0,
    1.0475459289550781e+02, 2.9166720581054688e+02,
    3.7073253631591797e+01, 1.1278339385986328e+02, 0., 1, 0,
    6.4739265441894531e+01, 2.0905171203613281e+02,
    3.6582431793212891e+01, -2.0173254013061523e+01, 0., 1, 0,
    6.4739265441894531e+01, 2.0905171203613281e+02,
    3.6582431793212891e+01, 1.0963879585266113e+01, 0., 1, 0,
    1.9281564331054688e+02, 2.9078112792968750e+02,
    3.6095191955566406e+01, -6.3800048828125000e+01, 0., 1, 0,
    3.4329517364501953e+01, 1.4648786926269531e+02,
    3.3934780120849609e+01, 6.0236255645751953e+01, 0., 1, 0,
    2.5436732482910156e+02, 9.0796875000000000e+01,
    3.3374980926513672e+01, -1.5978689575195312e+02, 0., 1, 0,
    2.1691848754882812e+02, 1.1307871246337891e+02,
    3.3145210266113281e+01, 5.0212909698486328e+01, 0., 1, 0,
    1.6296142578125000e+02, 1.5194955444335938e+02,
    3.2410488128662109e+01, -1.6021649169921875e+02, 0., 1, 0,
    1.7576728820800781e+02, 4.6201309204101562e+01,
    3.2382114410400391e+01, -9.9203529357910156e+01, 0., 1, 0,
    2.7408001708984375e+02, 1.4283097839355469e+02,
    3.2271015167236328e+01, -1.5759414672851562e+02, 0., 1, 0,
    2.7408001708984375e+02, 1.4283097839355469e+02,
    3.2271015167236328e+01, 1.0658475875854492e+01, 0., 1, 0,
    2.3463732910156250e+02, 1.4303329467773438e+02,
    3.1168577194213867e+01, -2.0895795822143555e+01, 0., 1, 0,
    1.8063037109375000e+02, 1.0187388610839844e+02,
    3.0321310043334961e+01, 1.2566578674316406e+02, 0., 1, 0,
    2.6677694702148438e+02, 1.3912408447265625e+02,
    3.0160627365112305e+01, -1.5990298461914062e+02, 0., 1, 0,
    2.3501040649414062e+02, 1.2282183074951172e+02,
    3.0119686126708984e+01, 4.5386062622070312e+01, 0., 1, 0,
    2.5433128356933594e+02, 2.4173173522949219e+02,
    2.9808546066284180e+01, -4.5037559509277344e+01, 0., 1, 0,
    8.6212224960327148e+00, 1.4761042785644531e+02,
    2.9443401336669922e+01, 1.4728347778320312e+02, 0., 1, 0,
    2.7513351440429688e+01, 8.2217521667480469e+01,
    2.6704076766967773e+01, -2.5017564773559570e+01, 0., 1, 0,
    1.8399932861328125e+01, 9.9509025573730469e+01,
    2.6658199310302734e+01, -2.4140800476074219e+01, 0., 1, 0,
    1.8399932861328125e+01, 9.9509025573730469e+01,
    2.6658199310302734e+01, 1.6190721130371094e+02, 0., 1, 0,
    1.2911521911621094e+01, 1.4119293212890625e+02,
    2.6592309951782227e+01, 1.4944958496093750e+02, 0., 1, 0,
    1.4290628051757812e+02, 2.7274145507812500e+02,
    2.6471027374267578e+01, 1.0297850799560547e+02, 0., 1, 0,
    2.1175408935546875e+02, 1.0188330841064453e+02,
    2.6077573776245117e+01, 4.7004520416259766e+01, 0., 1, 0,
    6.5943550109863281e+01, 2.0961325073242188e+02,
    2.5961946487426758e+01, -2.7169193267822266e+01, 0., 1, 0,
    1.6796359252929688e+02, 2.9388537597656250e+02,
    2.5734422683715820e+01, -7.9418579101562500e+01, 0., 1, 0,
    1.5098768615722656e+02, 2.5252899169921875e+01,
    2.5728942871093750e+01, 8.8383834838867188e+01, 0., 1, 0,
    2.6124746704101562e+02, 2.3186155700683594e+02,
    2.5026599884033203e+01, -2.8080936431884766e+01, 0., 1, 0,
    5.8651237487792969e+01, 2.3228227233886719e+02,
    2.4833478927612305e+01, -2.8196847915649414e+01, 0., 1, 0,
    2.5565737915039062e+02, 2.0719674682617188e+02,
    2.4828237533569336e+01, 1.5253851318359375e+02, 0., 1, 0,
    1.9184887695312500e+02, 3.0549901962280273e+01,
    2.4709877014160156e+01, 6.0157573699951172e+01, 0., 1, 0,
    2.5974496459960938e+02, 1.1953263854980469e+02,
    2.4471990585327148e+01, -1.5977757263183594e+02, 0., 1, 0,
    5.8671936035156250e+01, 2.7107763671875000e+02,
    2.4349403381347656e+01, -1.3427511596679688e+02, 0., 1, 0,
    5.8671936035156250e+01, 2.7107763671875000e+02,
    2.4349403381347656e+01, 4.6053909301757812e+01, 0., 1, 0,
    2.4279495239257812e+02, 2.3264312744140625e+02,
    2.4284690856933594e+01, 1.4849981689453125e+02, 0., 1, 0,
    9.1083724975585938e+01, 2.8876666259765625e+02,
    2.4282293319702148e+01, -1.2000811004638672e+02, 0., 1, 0,
    2.1760899353027344e+02, 1.8414877319335938e+02,
    2.4279634475708008e+01, -9.4815093994140625e+01, 0., 1, 0,
    2.6613046264648438e+02, 1.0208197021484375e+02,
    2.4263963699340820e+01, 2.4826004028320312e+01, 0., 1, 0,
    1.7973519897460938e+02, 1.7873750305175781e+02,
    2.4021570205688477e+01, -9.7811882019042969e+01, 0., 1, 0,
    2.5873723983764648e+01, 1.3576467895507812e+02,
    2.3855144500732422e+01, 6.8692443847656250e+01, 0., 1, 0,
    1.9134599304199219e+02, 4.2388877868652344e+01,
    2.3455913543701172e+01, -6.3611202239990234e+01, 0., 1, 0,
    2.7262438964843750e+02, 1.8338508605957031e+02,
    2.3348354339599609e+01, -7.8384623527526855e+00, 0., 1, 0,
    2.7262438964843750e+02, 1.8338508605957031e+02,
    2.3348354339599609e+01, 1.5643200683593750e+02, 0., 1, 0,
    8.5718292236328125e+01, 8.2013359069824219e+01,
    2.2488033294677734e+01, -1.5957470703125000e+02, 0., 1, 0,
    8.5718292236328125e+01, 8.2013359069824219e+01,
    2.2488033294677734e+01, 1.5823110580444336e+01, 0., 1, 0,
    4.2350173950195312e+01, 1.4999942016601562e+02,
    2.1654834747314453e+01, 6.0342723846435547e+01, 0., 1, 0,
    2.7758990478515625e+02, 1.5968516540527344e+02,
    2.1235063552856445e+01, -1.6772024536132812e+02, 0., 0, 0,
    2.7758990478515625e+02, 1.5968516540527344e+02,
    2.1235063552856445e+01, -1.1433162689208984e+01, 0., 0, 0,
    9.5473335266113281e+01, 1.0849369049072266e+02,
    2.1152557373046875e+01, -7.5989128112792969e+01, 0., 0, 0,
    1.7718937683105469e+02, 2.7405990600585938e+02,
    2.1136034011840820e+01, 8.5171310424804688e+01, 0., 0, 0,
    2.4413164138793945e+01, 8.7947608947753906e+01,
    2.1017593383789062e+01, -3.2650768280029297e+01, 0., 0, 0,
    2.4413164138793945e+01, 8.7947608947753906e+01,
    2.1017593383789062e+01, 1.5409164428710938e+02, 0., 0, 0,
    2.6175915527343750e+02, 1.2537644958496094e+02,
    2.0609275817871094e+01, -1.5948437500000000e+02, 0., 0, 0,
    2.3370562744140625e+02, 1.2283913421630859e+02,
    2.0606584548950195e+01, 4.3562088012695312e+01, 0., 0, 0,
    2.5736718750000000e+02, 1.1195342254638672e+02,
    2.0523990631103516e+01, -1.6035388183593750e+02, 0., 0, 0,
    1.1898534393310547e+02, 3.0988351821899414e+01,
    2.0212497711181641e+01, -1.7011035156250000e+02, 0., 0, 0,
    2.5545643615722656e+02, 1.0617946624755859e+02,
