%YAML:1.0
# SIFT
keypoints: [ 2.4718997955322266e+01, 1.9622608947753906e+02,
    1.4252630615234375e+02, -1.5269747924804688e+02, 0., 3, 0,
    2.4396437072753906e+02, 1.1237191772460938e+02,
    1.3898655700683594e+02, -1.7502890014648438e+02, 0., 3, 0,
    5.2095451354980469e+01, 1.1093328857421875e+02,
    1.1868478393554688e+02, -9.0668935775756836e+00, 0., 3, 0,
    2.3864537048339844e+02, 9.2646202087402344e+01,
    8.2863716125488281e+01, 1.7692782592773438e+02, 0., 2, 0,
    2.5464308166503906e+02, 1.3841395568847656e+02,
    7.5914169311523438e+01, -1.3890876770019531e+02, 0., 2, 0,
    1.4753245544433594e+02, 4.9611164093017578e+01,
    7.4872222900390625e+01, -8.0603012084960938e+01, 0., 2, 0,
    1.2521030426025391e+02, 4.3869201660156250e+01,
    7.2252037048339844e+01, -1.0975722503662109e+02, 0., 2, 0,
    1.7108024597167969e+02, 4.3578296661376953e+01,
    6.8377746582031250e+01, -7.6125000000000000e+01, 0., 2, 0,
    2.5569641113281250e+02, 2.4355606079101562e+02,
    6.3890422821044922e+01, -4.1219856262207031e+01, 0., 2, 0,
    4.1302703857421875e+01, 1.3919776916503906e+02,
    5.8133071899414062e+01, -3.1582788467407227e+01, 0., 2, 0,
    2.7005477905273438e+02, 2.4247904968261719e+02,
    5.1947231292724609e+01, -3.9375232696533203e+01, 0., 2, 0,
    2.6969396972656250e+02, 5.6550457000732422e+01,
    5.1160999298095703e+01, 3.9212207794189453e+01, 0., 2, 0,
    2.5478611755371094e+02, 1.4364918518066406e+02,
    5.1109443664550781e+01, -1.4618293762207031e+02, 0., 2, 0,
    1.0468567657470703e+02, 2.1882089233398438e+02,
    4.9227001190185547e+01, 3.1699247360229492e+01, 0., 2, 0,
    2.4330216979980469e+02, 2.5812918090820312e+02,
    4.8216236114501953e+01, -4.7462944030761719e+01, 0., 2, 0,
    2.7758258819580078e+01, 5.6116676330566406e+01,
    4.7889522552490234e+01, 1.4027902221679688e+02, 0., 2, 0,
    2.5643893432617188e+02, 2.5760958862304688e+02,
    4.7644428253173828e+01, -4.4588142395019531e+01, 0., 2, 0,
    2.5663729858398438e+02, 4.1858165740966797e+01,
    4.7528671264648438e+01, 4.4473903656005859e+01, 0., 2, 0,
    4.0143032073974609e+01, 5.4436065673828125e+01,
    4.7185180664062500e+01, 1.3806558227539062e+02, 0., 2, 0,
    7.1986511230468750e+01, 5.8207031250000000e+01,
    4.6765136718750000e+01, -4.9813983917236328e+01, 0., 2, 0,
    1.8017153930664062e+02, 2.4641548156738281e+02,
    4.2225982666015625e+01, 1.4155377197265625e+02, 0., 1, 0,
    7.1221466064453125e+01, 2.0272305297851562e+02,
    3.6459136962890625e+01, 6.7766082763671875e+01, 0., 1, 0,
    3.8960224151611328e+01, 2.4566754150390625e+02,
    3.2218521118164062e+01, -1.3840148925781250e+02, 0., 1, 0,
    4.4191349029541016e+01, 1.1027307128906250e+02,
    3.1892173767089844e+01, 1.5589500427246094e+02, 0., 1, 0,
    1.3861558532714844e+02, 3.7983001708984375e+01,
    2.9157922744750977e+01, 7.6252922058105469e+01, 0., 1, 0,
    1.1340570068359375e+02, 4.6790924072265625e+01,
    2.9036771774291992e+01, -9.8406074523925781e+01, 0., 1, 0,
    1.5702478027343750e+02, 3.8223350524902344e+01,
    2.7834333419799805e+01, 1.0262302398681641e+02, 0., 1, 0,
    8.0886833190917969e+01, 5.9403846740722656e+01,
    2.5817506790161133e+01, -5.1277988433837891e+01, 0., 1, 0,
    2.4465464782714844e+02, 2.6000228881835938e+02,
    2.5237966537475586e+01, -4.6381370544433594e+01, 0., 1, 0,
    1.9301211547851562e+02, 2.1754968261718750e+02,
    2.5136142730712891e+01, 1.5061933898925781e+02, 0., 1, 0,
    5.9444133758544922e+01, 3.3815826416015625e+01,
    2.3411312103271484e+01, 1.2940515136718750e+02, 0., 1, 0,
    2.7817338943481445e+01, 2.3903633117675781e+02,
    2.3398624420166016e+01, -1.4013671875000000e+02, 0., 1, 0,
    5.3121261596679688e+01, 2.6096212768554688e+02,
    2.3216560363769531e+01, -1.3131950378417969e+02, 0., 1, 0,
    2.3100810241699219e+02, 2.7626788330078125e+02,
    2.3180206298828125e+01, -5.7262729644775391e+01, 0., 1, 0,
    1.0380672454833984e+02, 2.9411297607421875e+02,
    2.1275499343872070e+01, -1.0626813507080078e+02, 0., 0, 0,
    1.8597505187988281e+02, 4.2702346801757812e+01,
    2.1261989593505859e+01, 2.7602676391601562e+01, 0., 0, 0,
    2.2504507446289062e+02, 2.7956781005859375e+02,
    2.0628917694091797e+01, -6.0951221466064453e+01, 0., 0, 0,
    2.4044450378417969e+02, 2.1486779785156250e+02,
    2.0415132522583008e+01, -5.3358564376831055e+00, 0., 0, 0,
    5.2968479156494141e+01, 2.6130053710937500e+02,
    2.0289773941040039e+01, -1.2942178344726562e+02, 0., 0, 0,
    1.9162128448486328e+01, 2.1760325622558594e+02,
    1.9758386611938477e+01, -1.5148451232910156e+02, 0., 0, 0,
    5.2579284667968750e+01, 3.8178356170654297e+01,
    1.9723140716552734e+01, 1.3048275756835938e+02, 0., 0, 0,
    6.2002490997314453e+01, 7.7111892700195312e+01,
    1.7476854324340820e+01, 8.7309944152832031e+01, 0., 0, 0,
    1.7229035949707031e+02, 1.6854994201660156e+02,
    1.6913732528686523e+01, -2.5591220855712891e+01, 0., 0, 0,
    2.8102823257446289e+01, 2.3824440002441406e+02,
    1.6734443664550781e+01, -1.3942597961425781e+02, 0., 0, 0,
    3.1714780807495117e+01, 2.3764601135253906e+02,
    1.6690908432006836e+01, -1.4042257690429688e+02, 0., 0, 0,
    2.3622222900390625e+02, 2.0253590393066406e+02,
    1.6610141754150391e+01, 1.2427095794677734e+02, 0., 0, 0,
    2.4532106018066406e+02, 8.9596473693847656e+01,
    1.6381072998046875e+01, 2.9462081909179688e+01, 0., 0, 0,
    2.9457077026367188e+02, 1.7717807006835938e+02,
    1.6163640975952148e+01, -1.0243456840515137e+01, 0., 0, 0,
    1.4411502075195312e+02, 2.5138185119628906e+02,
    1.6049926757812500e+01, 8.4818069458007812e+01, 0., 0, 0,
    2.4494085311889648e+01, 2.3383702087402344e+02,
    1.5891261100769043e+01, -1.4106062316894531e+02, 0., 0, 0,
    2.3541444396972656e+02, 3.1385633468627930e+01,
    1.5400101661682129e+01, 4.9674949645996094e+01, 0., 0, 0,
    3.5649604797363281e+01, 1.4596836853027344e+02,
    1.5207565307617188e+01, -1.3787724304199219e+02, 0., 0, 0,
    3.5141036987304688e+01, 1.7966706848144531e+02,
    1.5074779510498047e+01, 1.8212844848632812e+01, 0., 0, 0,
    4.4373348236083984e+01, 4.2118041992187500e+01,
    1.5016194343566895e+01, 1.3593710327148438e+02, 0., 0, 0,
    1.6850946044921875e+02, 1.7638063049316406e+02,
    1.4554713249206543e+01, -8.4327362060546875e+01, 0., 0, 0,
    2.3552816772460938e+02, 2.7736604690551758e+01,
    1.4491839408874512e+01, 4.7817691802978516e+01, 0., 0, 0,
    6.9479621887207031e+01, 2.5015745162963867e+01,
    1.4385936737060547e+01, 1.2341813659667969e+02, 0., 0, 0,
    4.7215782165527344e+01, 2.0079362487792969e+02,
    1.4371664047241211e+01, 2.6862064361572266e+01, 0., 0, 0,
    2.2893138122558594e+02, 8.7922798156738281e+01,
    1.4243912696838379e+01, -1.7210269165039062e+02, 0., 0, 0,
    1.8514648437500000e+02, 2.5200885009765625e+02,
    1.3914339065551758e+01, -1.0787514495849609e+02, 0., 0, 0,
    1.4587829589843750e+02, 3.9339660644531250e+01,
    1.3235463142395020e+01, -1.0038242340087891e+02, 0., 0, 0,
    1.4587829589843750e+02, 3.9339660644531250e+01,
    1.3235463142395020e+01, 9.0192344665527344e+01, 0., 0, 0,
    1.9568721008300781e+02, 4.5975311279296875e+01,
    1.3122712135314941e+01, -1.1364931488037109e+02, 0., 0, 0,
    2.5318286132812500e+02, 1.9998400878906250e+02,
    1.3063238143920898e+01, 1.5591807556152344e+02, 0., 0, 0,
    1.8247607421875000e+02, 1.4691036987304688e+02,
    1.2937632560729980e+01, -1.8192928314208984e+01, 0., 0, 0,
    2.1786216735839844e+02, 2.0736579895019531e+02,
    1.2892242431640625e+01, 1.0905651092529297e+02, 0., 0, 0,
    1.8107513427734375e+02, 1.5070246887207031e+02,
    1.2856726646423340e+01, -2.2063899993896484e+01, 0., 0, 0,
    1.1608576202392578e+02, 2.4199874877929688e+02,
    1.2765457153320312e+01, 4.6828353881835938e+01, 0., 0, 0,
    2.2750143432617188e+02, 2.2016407012939453e+01,
    1.2752677917480469e+01, 5.7950973510742188e+01, 0., 0, 0,
    3.3022853851318359e+01, 2.4394334411621094e+02,
