%YAML:1.0
# SIFT
keypoints: [ 2.0740469360351562e+02, 1.6157580566406250e+02,
    1.6434207153320312e+02, 1.2335937500000000e+02, 0., 3, 0,
    1.7965316772460938e+02, 5.0114650726318359e+01,
    9.8381027221679688e+01, -1.7423158264160156e+02, 0., 3, 0,
    5.9757129669189453e+01, 1.4632963562011719e+02,
    9.7156875610351562e+01, 2.1124090194702148e+01, 0., 3, 0,
    1.4761631774902344e+02, 9.2617019653320312e+01,
    7.9721763610839844e+01, 1.1902924537658691e+01, 0., 2, 0,
    1.4761631774902344e+02, 9.2617019653320312e+01,
    7.9721763610839844e+01, 7.8204498291015625e+01, 0., 2, 0,
    4.5544609069824219e+01, 8.7717010498046875e+01,
    6.7146598815917969e+01, 5.7541713714599609e+00, 0., 2, 0,
    1.4627630615234375e+02, 7.5595664978027344e+01,
    6.4029357910156250e+01, 7.9901191711425781e+01, 0., 2, 0,
    9.9931221008300781e+01, 3.1916383743286133e+01,
    6.2930824279785156e+01, -7.8533462524414062e+01, 0., 2, 0,
    1.9967028808593750e+02, 6.2336582183837891e+01,
    5.7582641601562500e+01, -1.6950741577148438e+02, 0., 2, 0,
    1.9967028808593750e+02, 6.2336582183837891e+01,
    5.7582641601562500e+01, -1.3234564208984375e+02, 0., 2, 0,
    1.1542127990722656e+02, 1.4194207763671875e+02,
    5.5688068389892578e+01, -8.1349273681640625e+01, 0., 2, 0,
    2.4472994995117188e+02, 9.4278663635253906e+01,
    5.5423572540283203e+01, 1.6271685791015625e+02, 0., 2, 0,
    1.9212309265136719e+02, 3.4630630493164062e+01,
    5.2417881011962891e+01, -1.6769392395019531e+02, 0., 2, 0,
    1.2486825561523438e+02, 9.6764228820800781e+01,
    4.7241672515869141e+01, 9.0788169860839844e+01, 0., 2, 0,
    8.8710090637207031e+01, 1.8762612915039062e+02,
    4.6950954437255859e+01, 8.5822250366210938e+01, 0., 2, 0,
    4.7734180450439453e+01, 1.3556246948242188e+02,
    4.5936176300048828e+01, -3.7628402709960938e+00, 0., 2, 0,
    8.7409355163574219e+01, 1.8706127929687500e+02,
    4.3030845642089844e+01, 8.2487953186035156e+01, 0., 1, 0,
    1.2130773162841797e+02, 8.5803253173828125e+01,
    4.1258563995361328e+01, 8.5402702331542969e+01, 0., 1, 0,
    9.7548309326171875e+01, 1.7948738098144531e+02,
    3.7995269775390625e+01, 9.5561767578125000e+01, 0., 1, 0,
    1.1326385498046875e+02, 7.7239524841308594e+01,
    3.7473949432373047e+01, 1.3625634765625000e+02, 0., 1, 0,
    1.1909217834472656e+02, 7.1431015014648438e+01,
    3.1252613067626953e+01, 7.1266128540039062e+01, 0., 1, 0,
    1.3724945068359375e+02, 1.6399675369262695e+01,
    2.9341667175292969e+01, -5.9921642303466797e+01, 0., 1, 0,
    8.6959060668945312e+01, 1.1620634460449219e+02,
    2.6321887969970703e+01, -1.4276237487792969e+02, 0., 1, 0,
    1.3795272827148438e+02, 9.4664850234985352e+00,
    2.5781145095825195e+01, -7.8589416503906250e+01, 0., 1, 0,
    1.5813381958007812e+02, 9.1316238403320312e+01,
    2.3295873641967773e+01, -3.4171802997589111e+00, 0., 1, 0,
    1.8779689025878906e+02, 1.5979449462890625e+02,
    2.2523620605468750e+01, -1.5018989562988281e+02, 0., 1, 0,
    1.8779689025878906e+02, 1.5979449462890625e+02,
    2.2523620605468750e+01, 1.7352894592285156e+02, 0., 1, 0,
    1.1380709075927734e+02, 1.4693600463867188e+02,
    2.2089246749877930e+01, -7.6585700988769531e+01, 0., 1, 0,
    2.1710350036621094e+02, 3.3223567962646484e+01,
    2.0281677246093750e+01, -1.3506027221679688e+02, 0., 0, 0,
    2.1710350036621094e+02, 3.3223567962646484e+01,
    2.0281677246093750e+01, 4.0598300933837891e+01, 0., 0, 0,
    1.1361346435546875e+02, 1.4748106384277344e+02,
    1.9303705215454102e+01, -7.3049636840820312e+01, 0., 0, 0,
    2.2357939147949219e+02, 1.8509222412109375e+02,
    1.7634122848510742e+01, 1.3993147277832031e+02, 0., 0, 0,
    2.2953581237792969e+02, 4.6777175903320312e+01,
    1.7066650390625000e+01, -1.4181761169433594e+02, 0., 0, 0,
    2.2953581237792969e+02, 4.6777175903320312e+01,
    1.7066650390625000e+01, 3.8577026367187500e+01, 0., 0, 0,
    8.2849098205566406e+01, 3.1714914321899414e+01,
    1.5315141677856445e+01, -5.2260433197021484e+01, 0., 0, 0,
    8.2849098205566406e+01, 3.1714914321899414e+01,
    1.5315141677856445e+01, 1.4815658569335938e+02, 0., 0, 0,
    1.3966796875000000e+02, 1.7015172958374023e+01,
    1.4980344772338867e+01, -6.4874061584472656e+01, 0., 0, 0,
    1.3966796875000000e+02, 1.7015172958374023e+01,
    1.4980344772338867e+01, 4.0667995452880859e+01, 0., 0, 0,
    4.9074188232421875e+01, 1.4851548767089844e+02,
    1.3952915191650391e+01, 2.4937503814697266e+01, 0., 0, 0,
    5.6104167938232422e+01, 1.5775711059570312e+02,
    1.2811107635498047e+01, 3.1413768768310547e+01, 0., 0, 0,
    1.8656452941894531e+02, 3.0928005218505859e+01,
    1.2687620162963867e+01, -1.6146266174316406e+02, 0., 0, 0,
    1.8684742736816406e+02, 1.5491387939453125e+02,
    1.2354459762573242e+01, -1.2884596252441406e+02, 0., 0, 0,
    8.3842811584472656e+01, 1.9381483459472656e+02,
    1.2245030403137207e+01, 5.7797653198242188e+01, 0., 0, 0,
    1.8118537902832031e+02, 1.5150920104980469e+02,
    1.2106155395507812e+01, -1.2812811279296875e+02, 0., 0, 0,
    1.3102392578125000e+02, 7.8049713134765625e+01,
    1.1878253936767578e+01, 7.1201347351074219e+01, 0., 0, 0,
    6.0967266082763672e+01, 1.6998361206054688e+02,
    1.1630655288696289e+01, 3.8786499023437500e+01, 0., 0, 0,
    1.1446492004394531e+02, 7.2437339782714844e+01,
    1.0933444023132324e+01, 6.5433639526367188e+01, 0., 0, 0 ]
